1 PRINT CHR$(11)
2 n=0
3 READ out,A
6 if out=999 then goto 12
7 FOR y=1 TO A
8 poke n+12327+y,out
9 NEXT y
10 n=n+A
11 GOTO 3
12 n=0
13 READ C,A
14 IF C=999 THEN GOTO 20
15 FOR y=1 TO A
16 POKE n+13351+y,C*16
17 NEXT y
18 n=n+A
19 GOTO 13
20 n=0
21 READ C,A
22 IF C=999 THEN GOTO 28
23 FOR y=1 TO A
24 POKE n+13351+y,PEEK(n+13351+y)+C
25 NEXT y
26 n=n+A
27 GOTO 21
28 A$=INKEY$: IF A$="" THEN GOTO 28
29 PRINT CHR$(11)
30 DATA 255,27,175,6,239,1,255,26,175,2,252,1,175,3,252,3,255,3
31 DATA 253,1,171,1,253,1,244,1,255,12,175,5,254,1,247,1,252,2
32 DATA 171,1,252,3,255,13,253,1,239,1,235,1,255,9,248,1,255,1
33 DATA 175,5,252,2,171,1,175,1,251,1,255,7,191,1,175,2,248,1
34 DATA 252,2,243,1,179,1,244,1,239,1,255,9,183,1,191,1,252,1
35 DATA 254,1,255,16,248,1,191,1,167,1,252,3,171,1,244,1,255,1
36 DATA 250,1,255,1,252,1,167,1,255,24,175,1,252,1,255,1,189,1
37 DATA 179,1,235,1,255,3,175,1,234,1,190,1,167,1,255,10,253,1
38 DATA 235,1,252,2,239,1,255,8,191,1,248,1,227,1,239,1,191,1
39 DATA 245,1,254,1,191,1,175,1,255,3,253,1,252,1,235,1,250,1
40 DATA 255,1,254,1,255,5,252,2,254,1,255,1,175,1,167,1,252,1
41 DATA 255,6,175,1,227,1,250,1,175,1,255,2,183,1,191,1,255,2
42 DATA 248,1,167,1,235,1,181,1,255,1,183,1,175,1,239,1,234,1
43 DATA 255,1,254,2,255,13,191,1,175,1,227,1,241,1,252,1,254,1
44 DATA 175,1,190,1,254,1,255,1,175,1,250,1,245,1,255,2,245,1
45 DATA 254,1,255,1,250,1,255,1,234,1,250,1,191,1,250,1,254,1
46 DATA 238,1,255,12,248,1,175,1,252,1,255,3,247,1,167,1,254,1
47 DATA 255,1,248,1,175,1,183,1,175,2,255,2,253,1,254,1,255,3
48 DATA 239,1,235,1,239,1,235,1,252,1,239,1,244,1,255,10,234,1
49 DATA 238,1,255,7,191,1,190,1,254,1,255,1,171,1,244,1,239,1
50 DATA 255,5,191,1,242,1,243,2,239,1,234,1,250,1,255,1,252,1
51 DATA 239,1,235,1,255,9,171,1,255,7,183,1,255,3,191,1,190,1
52 DATA 239,1,244,1,255,3,245,1,255,1,175,2,191,1,190,1,191,1
53 DATA 255,4,235,2,255,19,248,1,167,1,255,1,234,1,253,1,237,1
54 DATA 239,1,255,2,239,1,252,1,254,1,190,1,183,1,255,5,250,1
55 DATA 181,1,255,16,191,1,248,1,249,1,254,1,255,2,250,1,255,2
56 DATA 253,1,242,1,179,1,175,3,254,1,181,1,255,4,234,1,255,1
57 DATA 254,1,255,16,251,1,175,1,252,2,175,1,245,1,191,1,255,5
58 DATA 183,1,252,1,255,6,183,1,191,1,254,1,255,16,248,1,250,1
59 DATA 255,4,253,1,171,1,255,4,234,1,191,1,175,2,239,1,244,1
60 DATA 255,2,248,1,167,1,255,5,237,1,244,1,175,1,255,9,183,2
61 DATA 255,10,244,1,245,1,244,1,255,3,235,1,253,1,254,1,181,1
62 DATA 255,7,253,1,252,1,175,1,242,1,243,1,251,1,255,5,254,1
63 DATA 255,11,253,1,252,1,254,1,255,2,235,1,234,1,255,21,183,1
64 DATA 255,9,175,1,252,2,244,1,175,2,255,1,171,1,238,1,175,1
65 DATA 239,1,255,18,234,1,181,1,255,4,183,1,167,1,255,1,191,1
66 DATA 255,1,189,1,243,2,179,1,243,1,255,1,235,1,191,1,254,1
67 DATA 167,1,252,1,245,1,255,6,175,1,255,10,234,1,181,1,255,3
68 DATA 191,1,183,1,175,1,248,1,183,1,255,6,252,1,255,1,175,1
69 DATA 179,1,243,1,167,1,252,1,181,1,255,5,252,1,175,1,253,1
70 DATA 252,1,175,3,239,1,255,1,175,2,250,1,254,1,255,3,254,1
71 DATA 255,1,191,1,175,1,255,1,242,1,243,2,252,1,243,2,239,1
72 DATA 255,1,189,1,179,1,252,1,227,1,238,1,181,1,255,10,253,1
73 DATA 252,4,254,1,234,1,255,3,183,1,255,4,253,1,239,1,252,1
74 DATA 227,1,243,2,175,1,191,1,252,1,239,1,252,2,254,1,191,1
75 DATA 255,17,234,1,255,3,254,1,253,1,181,1,255,4,171,1,175,3
76 DATA 252,1,255,3,234,1,250,1,255,8,999,999
77 DATA 6,62,0,4,1,7,0,3,6,17,0,2,1,2,0,1,1,17,0,1
78 DATA 6,10,0,7,1,2,0,2,1,11,0,3,1,2,0,1,1,2,0,1
79 DATA 6,8,0,1,1,18,0,3,12,3,0,2,1,1,0,4,6,7,0,1
80 DATA 1,17,0,3,12,6,0,4,6,10,0,3,1,10,0,1,1,1,0,2
81 DATA 12,9,0,1,1,2,0,1,6,5,0,6,1,14,0,1,12,2,0,4
82 DATA 12,2,0,3,1,1,0,1,6,6,1,15,0,1,1,3,0,2,12,2
83 DATA 0,3,12,2,0,5,6,7,1,6,0,2,1,5,0,1,1,2,0,5
84 DATA 12,8,0,1,12,1,0,1,1,1,0,2,6,5,1,5,0,1,1,9
85 DATA 0,1,1,2,0,2,12,7,0,3,12,1,0,1,1,3,0,1,6,4
86 DATA 1,6,0,1,1,7,0,1,1,4,0,3,12,4,0,1,7,2,0,1
87 DATA 12,1,0,1,1,4,0,1,6,3,1,17,0,2,1,1,0,1,12,1
88 DATA 0,1,12,3,0,3,12,1,0,1,1,5,0,2,6,2,1,15,0,1
89 DATA 1,4,0,1,12,8,0,2,1,4,0,2,6,3,1,14,0,2,12,2
90 DATA 0,3,12,5,0,1,1,8,0,1,6,4,1,13,0,1,12,6,0,1
91 DATA 12,4,0,6,1,2,0,2,6,5,0,2,1,11,0,1,12,10,0,1
92 DATA 12,1,0,1,12,3,0,4,6,6,1,3,0,1,1,8,0,1,12,17
93 DATA 0,1,6,9,1,12,0,1,12,10,0,3,12,3,0,2,6,9,1,11
94 DATA 0,2,12,5,0,1,12,2,0,2,4,3,0,2,12,2,0,2,4,1
95 DATA 0,1,6,6,1,11,0,2,12,4,0,1,12,1,0,2,4,7,0,2
96 DATA 4,2,0,1,4,1,0,1,6,6,0,3,1,7,0,1,12,4,0,5
97 DATA 4,3,0,1,4,2,0,3,4,1,0,1,4,1,0,2,6,16,0,1
98 DATA 12,4,0,1,12,4,0,2,4,4,0,1,12,1,0,5,6,17,0,1
99 DATA 12,3,0,1,6,1,0,1,12,4,0,4,12,4,0,1,6,9,999,999
100 DATA 6,27,0,7,6,26,0,2,6,1,1,3,0,3,1,3,0,1,1,1
101 DATA 6,14,0,5,6,1,1,1,0,2,1,1,0,3,1,13,0,1,1,1
102 DATA 0,1,6,10,0,1,1,5,0,2,1,2,0,1,1,7,0,3,1,3
103 DATA 0,2,1,1,0,1,1,1,0,1,6,7,0,1,1,1,0,2,1,17
104 DATA 12,2,0,3,12,1,1,3,0,1,1,1,6,8,0,1,1,16,0,1
105 DATA 1,1,0,1,12,1,0,2,12,3,0,1,12,1,1,2,0,1,6,9
106 DATA 0,1,6,1,1,2,0,1,1,8,0,1,1,1,0,1,1,1,12,1
107 DATA 0,4,12,3,0,2,12,1,0,1,1,2,6,8,0,1,1,2,0,1
108 DATA 1,6,0,4,1,2,0,1,12,4,7,2,12,2,0,1,7,2,12,1
109 DATA 1,2,0,1,6,5,1,8,0,7,1,1,0,1,1,1,0,1,1,1
110 DATA 12,3,7,2,0,2,12,2,7,1,12,2,1,1,0,1,6,6,1,8
111 DATA 0,1,1,3,0,1,1,1,0,1,1,3,12,5,0,2,12,3,0,1
112 DATA 12,1,0,1,12,1,0,1,1,1,6,6,1,6,0,1,1,7,0,1
113 DATA 1,1,0,1,1,2,12,1,0,1,12,5,0,1,12,3,0,1,12,1
114 DATA 0,1,1,1,0,1,1,1,0,1,6,3,1,18,0,1,1,2,12,4
115 DATA 0,4,12,1,0,1,1,6,0,1,6,2,1,21,0,1,12,1,0,1
116 DATA 12,3,1,2,0,1,1,7,6,3,1,14,0,1,1,1,0,2,1,3
117 DATA 12,2,0,6,12,1,1,6,0,2,6,2,1,15,12,1,0,2,12,1
118 DATA 1,1,12,6,1,1,0,1,1,6,0,1,6,1,0,1,6,3,1,14
119 DATA 0,1,12,4,0,1,12,10,1,4,6,6,1,2,0,1,1,9,0,1
120 DATA 12,12,0,1,12,5,1,2,6,7,1,1,0,2,1,1,0,3,1,6
121 DATA 12,11,0,3,12,2,0,1,12,1,6,9,1,12,12,10,0,1,12,3
122 DATA 0,2,12,3,0,2,6,7,1,12,12,5,0,1,12,2,0,2,4,1
123 DATA 0,3,4,1,0,3,12,1,4,1,0,1,6,7,0,1,1,11,12,4
124 DATA 0,1,12,1,0,1,12,1,4,7,0,2,4,1,0,2,4,1,0,1
125 DATA 6,6,0,1,6,1,1,2,0,4,1,1,0,2,1,1,0,1,12,4
126 DATA 0,1,12,2,0,4,4,1,0,2,4,1,0,1,4,1,0,1,4,1
127 DATA 0,1,4,1,6,11,0,6,6,1,12,3,0,2,12,3,0,1,12,1
128 DATA 4,1,0,4,12,1,0,1,12,1,4,3,6,19,12,4,0,1,12,9
129 DATA 0,1,12,4,0,1,6,8,999,999
