1 PRINT CHR$(11)
2 n=0
3 READ out,A
6 if out=999 then goto 12
7 FOR y=1 TO A
8 poke n+12327+y,out
9 NEXT y
10 n=n+A
11 GOTO 3
12 n=0
13 READ C,A
14 IF C=999 THEN GOTO 20
15 FOR y=1 TO A
16 POKE n+13351+y,C*16
17 NEXT y
18 n=n+A
19 GOTO 13
20 n=0
21 READ C,A
22 IF C=999 THEN GOTO 28
23 FOR y=1 TO A
24 POKE n+13351+y,PEEK(n+13351+y)+C
25 NEXT y
26 n=n+A
27 GOTO 21
28 A$=INKEY$: IF A$="" THEN GOTO 28
29 PRINT CHR$(11)
30 DATA 127,1,44,1,46,1,136,1,127,9,47,1,127,5,46,2,4,1
31 DATA 127,2,144,1,127,1,44,1,95,1,136,1,127,9,47,1,127,1
32 DATA 175,1,144,1,62,1,194,1,134,1,38,1,129,1,127,2,121,1
33 DATA 118,1,186,1,175,1,136,1,142,1,34,1,148,1,94,1,226,1
34 DATA 46,1,127,1,183,1,134,1,38,1,175,1,136,1,247,1,50,1
35 DATA 1,1,134,1,89,1,39,1,44,1,127,1,112,1,56,1,81,1
36 DATA 175,1,144,1,171,1,163,1,191,1,208,2,36,1,134,1,44,1
37 DATA 46,2,129,1,128,1,137,1,132,2,44,1,126,1,60,1,118,1
38 DATA 99,1,46,1,127,1,153,1,34,1,137,1,163,1,132,1,40,1
39 DATA 44,1,124,1,120,1,35,1,127,4,128,1,137,1,163,1,191,1
40 DATA 58,1,127,1,137,1,163,1,127,1,46,1,2,1,134,1,46,1
41 DATA 145,1,127,1,134,1,128,1,127,1,163,1,244,1,44,1,127,1
42 DATA 145,1,35,1,40,1,127,1,217,1,208,1,42,1,128,1,183,1
43 DATA 252,1,235,1,127,1,46,1,38,2,46,1,152,1,149,1,134,1
44 DATA 39,1,96,1,252,1,244,1,145,1,153,1,49,1,46,1,127,1
45 DATA 39,1,134,1,133,1,129,1,145,1,87,1,101,1,46,1,197,1
46 DATA 101,1,152,1,127,1,46,1,64,1,52,1,203,1,96,1,134,1
47 DATA 54,1,44,1,203,1,15,1,17,1,46,1,44,1,88,1,149,1
48 DATA 127,2,149,1,134,1,129,1,44,1,203,1,214,1,60,1,27,1
49 DATA 175,1,248,1,103,1,143,1,131,1,129,1,151,1,127,1,39,1
50 DATA 192,1,88,1,253,1,29,1,167,1,45,1,232,1,235,1,192,1
51 DATA 153,1,127,1,145,1,136,1,74,1,94,1,194,1,175,1,252,1
52 DATA 153,1,12,1,8,1,145,1,127,2,189,1,147,1,120,1,199,1
53 DATA 239,1,41,1,115,1,74,1,127,1,93,1,235,1,152,1,127,1
54 DATA 151,1,127,1,191,1,180,1,254,1,202,1,234,1,4,1,145,1
55 DATA 98,1,153,1,133,1,153,1,127,1,33,1,199,1,155,1,58,1
56 DATA 186,1,62,1,127,1,153,1,145,1,129,1,145,1,96,1,118,1
57 DATA 94,1,57,1,208,1,211,1,40,1,123,1,212,1,145,1,16,1
58 DATA 41,1,217,1,151,1,127,1,153,1,41,1,132,1,237,1,246,1
59 DATA 203,1,96,1,245,1,127,1,192,1,183,1,120,1,145,1,129,1
60 DATA 133,1,193,1,39,1,199,1,195,1,247,1,250,1,116,1,150,1
61 DATA 96,1,127,1,76,1,38,1,191,1,199,1,2,1,201,1,92,1
62 DATA 201,1,234,1,144,1,127,2,74,1,112,1,96,1,148,1,202,1
63 DATA 118,1,253,1,206,1,195,1,193,1,46,1,127,1,215,1,193,1
64 DATA 127,1,145,1,129,1,149,1,118,1,13,1,136,1,14,1,144,1
65 DATA 127,2,237,1,46,1,127,1,133,1,149,1,23,1,210,1,235,1
66 DATA 153,1,235,1,135,1,235,1,199,1,203,1,215,1,127,1,129,1
67 DATA 127,1,51,1,134,1,69,1,239,1,195,1,159,1,152,1,12,1
68 DATA 128,1,250,1,215,1,127,1,145,1,134,2,107,1,244,1,206,1
69 DATA 195,1,193,1,128,1,215,1,145,1,40,1,127,1,148,2,158,1
70 DATA 12,1,26,1,203,1,128,1,201,1,250,1,127,1,253,1,127,1
71 DATA 192,1,52,1,127,1,0,1,35,1,193,1,129,1,193,1,215,1
72 DATA 152,1,127,1,254,1,215,1,20,1,127,1,74,1,3,1,148,1
73 DATA 0,1,187,1,175,1,18,1,127,1,34,1,127,1,30,1,34,1
74 DATA 127,1,129,1,75,1,194,1,246,1,171,1,192,1,127,1,193,1
75 DATA 188,1,243,1,254,1,127,2,151,1,127,1,62,2,150,1,142,1
76 DATA 173,1,31,1,243,1,252,1,127,1,39,1,199,1,127,1,145,1
77 DATA 4,1,59,1,218,1,171,1,137,1,252,2,127,2,145,1,127,2
78 DATA 129,1,81,1,149,1,211,1,229,1,189,1,252,1,193,1,128,1
79 DATA 127,1,136,2,44,1,58,1,127,1,121,1,127,1,96,1,175,1
80 DATA 237,1,158,1,4,1,136,1,144,1,191,1,153,1,127,1,149,1
81 DATA 129,1,153,1,148,1,193,2,62,1,144,1,95,1,136,1,127,3
82 DATA 33,1,145,1,44,1,170,1,199,1,158,1,127,1,199,1,195,1
83 DATA 215,1,127,2,199,1,126,1,127,1,60,1,127,1,18,1,193,1
84 DATA 150,1,235,1,150,1,217,1,127,2,193,1,127,2,60,1,214,1
85 DATA 58,1,239,1,193,1,234,1,192,1,127,2,193,1,127,2,148,1
86 DATA 195,1,193,1,171,1,199,1,13,1,191,1,133,1,152,1,127,1
87 DATA 163,1,137,1,235,1,151,1,127,1,62,1,4,1,18,1,12,1
88 DATA 42,1,13,1,0,1,183,1,137,2,149,1,127,1,149,1,128,1
89 DATA 108,1,129,1,3,1,171,1,74,1,215,1,252,1,137,1,201,1
90 DATA 127,2,134,1,195,1,153,1,193,1,121,1,153,1,129,1,199,1
91 DATA 195,1,127,1,137,1,252,1,127,1,46,1,127,1,46,1,94,1
92 DATA 12,1,203,1,237,1,123,1,152,1,246,1,252,1,128,1,152,1
93 DATA 46,1,127,1,133,1,153,1,47,1,40,1,193,1,106,1,199,1
94 DATA 252,1,137,1,145,1,88,1,127,1,77,1,127,1,149,1,129,1
95 DATA 199,1,94,1,129,1,167,1,150,1,190,1,144,1,136,1,127,1
96 DATA 201,1,96,1,102,1,127,1,17,1,31,1,27,1,238,1,18,1
97 DATA 201,1,144,1,239,1,203,1,127,2,46,1,72,1,194,1,148,1
98 DATA 192,1,154,1,44,1,144,1,136,1,195,1,127,2,56,1,127,1
99 DATA 52,1,61,1,194,1,151,1,190,1,96,1,183,1,254,1,127,2
100 DATA 152,1,151,1,127,1,202,1,127,1,151,1,104,1,15,1,127,1
101 DATA 252,1,92,1,127,1,195,2,127,1,149,1,208,1,203,1,106,1
102 DATA 153,1,129,1,167,1,46,1,127,1,121,1,129,1,127,2,133,1
103 DATA 39,1,145,1,198,1,151,1,191,1,254,1,151,1,245,1,144,1
104 DATA 127,1,215,1,127,3,33,1,46,1,152,1,127,1,152,1,245,1
105 DATA 239,1,127,1,144,1,250,1,219,1,127,2,133,1,145,1,46,1
106 DATA 93,1,127,1,193,1,127,2,167,1,145,1,44,1,127,1,62,1
107 DATA 126,1,96,1,195,1,201,1,199,1,144,1,193,1,127,1,128,2
108 DATA 127,1,192,1,127,2,34,1,44,1,153,1,136,1,151,1,127,1
109 DATA 128,2,127,1,215,1,127,4,92,1,136,1,9,1,235,1,127,1
110 DATA 128,2,127,1,217,1,46,1,127,1,4,1,124,1,152,1,195,1
111 DATA 199,1,127,1,128,1,39,1,137,1,31,2,217,1,46,1,127,4
112 DATA 199,1,240,1,129,1,127,1,163,1,31,1,252,1,127,2,46,1
113 DATA 127,3,244,1,250,1,46,1,137,1,31,2,254,1,127,5,27,1
114 DATA 240,1,127,1,142,1,31,1,239,1,92,1,127,1,47,1,46,1
115 DATA 127,3,39,1,132,1,127,2,113,1,127,1,47,1,4,1,127,3
116 DATA 46,1,127,1,44,1,127,1,46,1,127,9,46,1,144,1,127,2
117 DATA 44,1,94,1,127,1,118,1,58,1,144,1,132,1,59,1,34,1
118 DATA 127,3,41,1,244,1,43,1,87,1,44,1,92,1,132,1,41,1
119 DATA 39,1,127,4,31,1,119,1,210,1,28,1,58,1,132,1,46,1
120 DATA 45,1,127,4,253,1,136,1,88,1,132,1,120,1,144,1,127,3
121 DATA 46,1,127,5,46,1,127,1,46,1,127,1,128,2,127,2,46,1
122 DATA 127,1,96,1,46,1,4,1,127,4,128,1,127,2,46,1,127,3
123 DATA 47,1,127,1,46,2,44,1,127,2,999,999
124 DATA 8,1,7,1,14,2,8,9,7,1,8,5,7,3,8,2,14,1,8,1
125 DATA 7,1,14,1,15,1,8,9,7,1,8,2,14,3,9,1,14,1,15,1
126 DATA 8,2,14,1,9,1,8,2,14,1,8,1,14,2,9,1,8,1,7,1
127 DATA 8,2,14,2,8,1,14,1,8,1,14,2,9,1,14,1,7,2,8,1
128 DATA 14,3,8,1,14,1,8,3,14,3,8,1,14,1,7,2,8,1,15,1
129 DATA 14,8,7,1,8,2,14,1,15,1,8,1,14,5,8,4,15,3,8,2
130 DATA 14,1,8,1,7,1,8,2,14,2,9,1,7,1,8,1,15,1,9,1
131 DATA 8,3,7,2,8,2,14,2,8,1,14,1,9,1,14,1,8,2,7,1
132 DATA 8,2,14,3,7,1,8,1,14,4,7,2,8,1,7,1,8,1,14,1
133 DATA 8,1,14,1,9,2,8,1,15,1,14,3,7,3,8,1,14,3,15,1
134 DATA 9,1,14,1,9,1,14,1,7,1,8,1,7,1,14,4,8,1,15,1
135 DATA 14,4,8,2,14,1,7,1,8,1,14,1,15,1,14,1,8,1,9,1
136 DATA 14,1,15,1,14,3,8,1,7,1,8,1,15,1,14,1,8,3,15,2
137 DATA 14,3,7,1,8,1,14,2,15,2,8,1,15,3,9,1,14,1,7,1
138 DATA 8,1,14,2,15,1,14,1,15,1,14,2,8,1,14,1,15,2,14,1
139 DATA 8,1,14,2,15,1,14,1,8,1,14,2,8,1,15,1,14,2,8,1
140 DATA 14,1,8,1,15,1,14,4,8,1,9,1,14,2,8,1,14,1,15,2
141 DATA 8,2,14,1,8,1,15,1,8,1,14,1,8,2,14,2,0,2,8,1
142 DATA 15,1,14,5,8,1,9,2,15,1,8,3,14,2,15,1,14,2,8,2
143 DATA 14,1,15,2,8,1,14,1,15,2,8,1,15,1,14,2,8,1,14,2
144 DATA 8,1,14,2,0,1,8,1,0,1,8,1,15,1,14,1,8,1,14,1
145 DATA 8,2,14,1,9,1,8,2,15,1,8,1,15,1,14,4,8,1,14,3
146 DATA 0,3,14,1,8,2,15,1,8,1,14,3,8,1,14,1,9,1,14,1
147 DATA 0,3,8,1,0,1,8,1,14,1,8,3,9,2,8,1,0,1,8,2
148 DATA 14,1,8,1,14,3,8,1,14,2,8,1,0,1,8,2,14,1,15,1
149 DATA 8,1,14,3,8,1,14,1,8,1,14,2,8,2,15,1,8,2,14,2
150 DATA 8,3,14,3,8,1,0,2,8,1,14,1,15,1,14,3,8,1,14,2
151 DATA 15,1,0,2,8,1,14,1,0,2,14,5,8,1,14,2,8,2,0,2
152 DATA 14,3,15,1,8,3,14,3,0,2,14,5,8,2,14,3,8,1,0,2
153 DATA 14,1,0,1,14,2,8,1,15,1,8,1,14,1,8,1,14,1,8,2
154 DATA 0,2,14,1,15,1,8,1,15,1,14,2,8,1,14,2,8,1,0,1
155 DATA 15,1,0,1,15,1,8,2,15,1,14,1,8,2,14,1,8,1,0,2
156 DATA 15,1,14,3,0,1,14,3,15,2,8,1,14,1,8,2,15,1,8,1
157 DATA 0,1,8,2,14,3,8,2,14,2,0,1,8,3,14,4,8,2,14,1
158 DATA 8,3,14,1,0,1,8,1,0,1,8,1,14,2,8,1,14,2,8,1
159 DATA 14,2,8,2,0,1,8,2,14,1,8,4,14,1,8,1,14,1,8,1
160 DATA 0,1,8,12,0,1,8,2,15,2,14,5,8,1,14,2,15,1,8,2
161 DATA 0,1,8,1,14,5,8,1,14,1,8,1,0,1,14,1,8,2,0,1
162 DATA 14,4,8,1,14,1,8,1,0,1,14,2,0,1,8,2,15,1,14,1
163 DATA 8,2,14,1,15,1,13,1,14,1,8,2,15,1,8,1,15,1,14,1
164 DATA 8,2,14,1,8,3,14,2,8,2,14,1,15,1,8,3,14,1,8,2
165 DATA 14,1,8,4,14,2,8,1,14,1,8,4,14,1,8,1,14,1,8,3
166 DATA 15,1,14,1,8,1,14,1,8,2,14,1,8,1,14,3,8,1,14,1
167 DATA 8,1,14,2,8,1,14,1,8,3,14,3,8,1,15,1,14,1,8,2
168 DATA 14,2,8,1,14,2,8,2,14,2,8,1,14,1,15,1,14,1,8,2
169 DATA 14,3,8,2,14,1,8,1,15,2,14,1,15,1,8,3,14,2,8,1
170 DATA 14,2,15,1,14,1,8,2,14,1,8,1,14,4,8,3,14,2,8,1
171 DATA 15,2,14,4,8,5,14,1,15,2,14,7,8,1,14,2,8,1,14,4
172 DATA 9,1,8,3,14,2,8,4,14,1,8,1,14,1,8,1,14,1,8,4
173 DATA 14,1,8,5,14,1,8,9,15,1,8,5,14,1,8,1,15,1,9,1
174 DATA 8,3,14,2,8,2,15,1,8,1,14,1,15,1,8,3,13,1,8,1
175 DATA 14,1,8,1,14,1,8,9,14,2,8,2,15,1,14,1,8,1,14,6
176 DATA 8,3,14,1,8,1,14,7,8,5,14,7,8,6,14,4,8,3,7,1
177 DATA 8,5,7,1,8,1,7,1,8,5,7,1,8,1,7,3,8,7,7,1
178 DATA 8,3,7,1,8,1,7,3,8,2,999,999
179 DATA 7,1,8,3,7,9,8,1,7,5,8,3,7,2,8,1,7,1,8,3
180 DATA 7,7,14,1,7,1,8,1,7,1,15,1,8,3,14,1,15,1,8,1
181 DATA 7,2,8,1,14,2,15,1,8,1,15,1,8,2,14,2,8,1,7,1
182 DATA 14,1,9,1,8,1,14,1,8,1,14,1,8,2,14,1,15,1,8,2
183 DATA 7,1,9,2,8,1,14,1,8,1,15,1,14,2,8,3,14,1,8,3
184 DATA 15,1,14,1,9,1,8,8,7,1,15,2,14,2,8,5,14,1,9,1
185 DATA 7,2,14,2,8,1,14,2,8,1,14,1,8,1,7,1,14,1,8,2
186 DATA 14,1,8,1,14,5,7,1,8,2,14,2,9,1,8,1,7,1,15,1
187 DATA 14,1,9,1,14,1,7,1,8,1,7,1,14,1,8,1,9,1,8,2
188 DATA 15,2,9,1,8,4,7,1,8,1,7,1,8,1,14,1,8,1,14,1
189 DATA 8,1,15,1,14,1,9,1,8,5,14,1,8,1,9,1,8,2,15,1
190 DATA 9,1,14,1,8,2,7,1,8,4,9,1,14,1,9,1,15,1,9,1
191 DATA 8,2,7,2,8,2,15,1,8,1,14,1,8,1,14,1,8,1,15,1
192 DATA 9,1,15,2,8,1,7,1,8,1,14,2,8,1,14,2,15,1,9,1
193 DATA 14,1,15,1,8,3,14,1,8,2,14,1,8,1,14,1,9,2,14,2
194 DATA 8,2,15,1,8,2,14,1,15,1,14,1,8,2,14,1,15,1,14,1
195 DATA 0,1,8,1,14,1,8,2,14,1,15,1,14,1,15,1,8,1,14,1
196 DATA 9,1,15,1,0,1,15,1,8,1,14,2,8,2,15,1,8,1,14,1
197 DATA 15,4,8,2,14,1,0,1,14,1,15,1,14,3,8,1,14,2,15,3
198 DATA 8,1,0,1,14,1,8,5,14,1,15,1,14,1,0,3,14,1,15,1
199 DATA 8,1,14,1,8,2,14,1,15,2,14,1,0,2,8,1,14,1,0,2
200 DATA 14,1,15,1,3,1,14,1,8,2,14,1,15,1,8,2,0,1,15,1
201 DATA 14,2,3,1,14,1,8,1,14,2,15,1,14,1,15,1,0,2,14,3
202 DATA 3,1,8,2,14,1,15,2,8,1,15,2,8,2,0,2,14,2,8,3
203 DATA 14,1,8,1,14,1,8,4,14,3,8,1,14,5,15,2,0,1,14,1
204 DATA 15,1,14,1,8,1,15,1,8,1,7,1,8,1,9,1,14,1,15,1
205 DATA 0,2,15,1,0,2,15,2,8,1,14,1,8,1,14,1,8,2,15,1
206 DATA 0,3,14,1,15,2,14,3,8,3,0,1,8,1,15,1,14,1,15,1
207 DATA 14,1,8,3,14,1,8,4,15,1,0,1,15,2,14,1,15,1,8,2
208 DATA 15,1,8,1,14,1,8,2,14,1,15,4,8,2,14,4,8,3,15,2
209 DATA 8,4,15,1,14,1,7,1,8,3,15,2,14,1,8,1,15,3,14,3
210 DATA 8,1,9,1,8,1,14,1,15,1,8,1,15,2,14,3,8,2,14,1
211 DATA 8,2,15,2,0,1,15,1,14,4,8,1,14,2,8,1,14,1,15,2
212 DATA 0,1,15,2,8,3,15,1,1,1,14,1,8,1,14,1,8,1,14,1
213 DATA 15,1,8,1,14,1,15,1,14,2,1,1,8,2,14,2,8,2,15,1
214 DATA 14,1,0,2,8,1,15,1,8,1,15,1,14,2,8,1,14,1,15,1
215 DATA 0,1,8,1,15,1,14,1,15,1,0,1,13,1,8,1,14,1,8,2
216 DATA 14,1,8,2,15,4,14,1,8,1,14,4,8,1,14,1,8,1,15,3
217 DATA 14,6,12,1,14,1,15,4,0,1,14,1,8,2,15,1,8,4,14,1
218 DATA 8,3,15,1,14,1,15,1,14,1,15,1,8,4,14,1,8,1,15,2
219 DATA 8,1,15,1,14,2,8,4,12,1,8,1,14,1,15,1,8,2,15,1
220 DATA 14,3,8,1,14,2,8,4,14,1,15,1,8,1,14,2,15,1,14,2
221 DATA 8,1,14,3,8,2,15,2,8,1,14,4,15,1,14,2,8,1,14,2
222 DATA 15,1,14,1,15,1,8,1,14,1,8,1,14,4,8,1,14,1,8,1
223 DATA 14,4,15,1,14,1,8,1,14,2,8,1,14,1,8,3,14,1,15,1
224 DATA 14,1,8,2,14,1,8,1,14,2,13,1,8,3,14,2,8,1,14,2
225 DATA 8,2,14,1,8,2,14,2,8,2,14,1,15,1,14,1,15,1,14,2
226 DATA 8,3,14,2,8,1,14,3,15,1,8,1,14,3,8,2,14,1,8,2
227 DATA 14,1,15,1,14,2,8,1,14,1,15,4,14,3,8,2,14,2,8,2
228 DATA 15,3,14,5,8,1,14,2,8,1,15,3,12,1,8,2,14,1,8,2
229 DATA 14,1,15,1,8,1,15,2,8,1,14,3,8,2,14,1,13,1,14,2
230 DATA 8,1,15,1,8,1,14,1,8,1,14,4,8,1,14,3,15,1,14,1
231 DATA 8,1,14,9,8,1,15,1,14,3,15,1,8,1,14,1,8,2,14,2
232 DATA 12,1,8,2,14,2,8,1,14,1,8,2,14,3,8,1,14,1,8,1
233 DATA 14,1,8,1,15,1,14,2,15,2,9,1,14,2,7,1,8,2,14,2
234 DATA 8,2,14,1,8,6,13,1,7,2,8,1,15,1,8,7,9,1,7,2
235 DATA 14,1,15,1,8,7,14,1,7,3,14,1,15,1,8,4,14,2,9,1
236 DATA 8,1,7,5,8,1,7,1,8,1,12,1,14,1,9,1,7,2,8,1
237 DATA 7,1,8,3,7,3,14,3,7,1,8,1,7,3,8,1,7,1,8,3
238 DATA 7,2,999,999
