1 PRINT CHR$(11)
2 n=0
3 READ out,A
6 if out=999 then goto 12
7 FOR y=1 TO A
8 poke n+12327+y,out
9 NEXT y
10 n=n+A
11 GOTO 3
12 n=0
13 READ C,A
14 IF C=999 THEN GOTO 20
15 FOR y=1 TO A
16 POKE n+13351+y,C*16
17 NEXT y
18 n=n+A
19 GOTO 13
20 n=0
21 READ C,A
22 IF C=999 THEN GOTO 28
23 FOR y=1 TO A
24 POKE n+13351+y,PEEK(n+13351+y)+C
25 NEXT y
26 n=n+A
27 GOTO 21
28 A$=INKEY$: IF A$="" THEN GOTO 28
29 PRINT CHR$(11)
30 DATA 255,1,191,1,255,4,251,2,187,1,249,1,230,7,237,1,171,1
31 DATA 246,1,239,1,238,1,182,1,242,1,175,1,171,1,251,3,249,1
32 DATA 187,1,246,1,237,1,187,1,251,3,191,1,235,1,255,2,239,1
33 DATA 255,2,247,1,189,2,247,1,238,1,185,9,187,1,238,1,186,1
34 DATA 254,1,249,1,183,1,241,1,252,2,171,1,254,1,242,1,246,1
35 DATA 237,1,187,1,246,1,237,1,185,1,253,1,255,1,190,1,255,2
36 DATA 253,1,255,1,238,1,247,1,191,1,247,1,190,1,249,1,187,1
37 DATA 249,1,187,1,229,4,245,1,247,1,167,1,175,1,240,1,253,1
38 DATA 227,1,243,1,187,2,175,1,231,1,245,1,255,1,245,1,185,1
39 DATA 247,1,238,1,249,1,239,1,249,1,255,1,190,1,255,3,254,1
40 DATA 255,1,254,1,191,1,254,1,251,1,185,1,231,1,185,4,165,1
41 DATA 240,1,252,1,163,1,251,1,239,1,249,1,172,1,171,1,250,1
42 DATA 244,1,227,1,237,1,173,1,240,1,175,1,246,1,230,1,238,1
43 DATA 233,1,231,1,253,1,231,1,255,1,251,1,255,3,239,1,251,1
44 DATA 255,1,247,1,253,1,251,1,237,1,187,1,230,1,249,2,254,1
45 DATA 255,3,245,1,251,2,237,2,187,1,252,1,236,1,244,1,230,1
46 DATA 239,1,253,2,190,1,237,2,235,1,187,1,246,1,247,1,255,1
47 DATA 242,1,255,4,253,1,191,1,254,1,189,2,247,1,238,1,243,1
48 DATA 167,1,255,4,247,1,250,1,249,1,237,1,247,1,237,1,179,1
49 DATA 246,1,235,1,255,2,244,1,239,1,191,1,189,1,247,1,185,1
50 DATA 187,1,254,1,185,1,253,1,255,1,183,1,255,2,191,1,253,1
51 DATA 191,3,251,2,249,1,248,1,234,1,239,2,255,1,191,1,246,1
52 DATA 190,1,175,1,190,1,247,1,185,1,231,1,246,1,243,1,167,1
53 DATA 250,1,255,2,191,1,255,1,181,1,235,1,182,1,234,1,185,1
54 DATA 191,1,249,1,255,1,190,1,255,3,253,1,255,1,251,1,191,1
55 DATA 246,1,189,1,187,1,251,1,239,1,249,1,175,1,253,1,167,1
56 DATA 243,1,252,1,255,1,239,1,231,1,252,1,253,1,231,1,171,1
57 DATA 181,1,191,1,255,3,191,1,181,1,234,1,235,1,247,1,251,2
58 DATA 246,1,255,1,230,1,255,2,253,1,255,3,247,1,253,1,251,1
59 DATA 187,1,191,1,254,1,255,4,246,1,187,1,245,1,244,1,253,1
60 DATA 252,1,175,1,247,1,255,3,246,1,255,3,181,1,234,1,235,1
61 DATA 255,1,242,1,189,1,191,1,253,1,185,1,255,2,191,1,255,2
62 DATA 191,1,254,1,238,1,251,1,238,1,226,1,239,1,255,2,254,1
63 DATA 239,1,185,1,245,1,175,1,252,1,255,1,187,1,255,3,239,1
64 DATA 255,2,253,1,187,1,247,1,238,1,234,1,247,1,255,1,238,1
65 DATA 251,1,187,1,247,1,234,1,255,3,191,1,255,1,191,2,251,1
66 DATA 238,1,255,1,235,1,175,1,235,1,254,1,175,1,248,1,187,1
67 DATA 246,1,250,1,253,1,255,2,253,1,229,1,250,1,251,1,229,1
68 DATA 247,1,255,3,235,1,181,1,245,1,191,1,233,1,249,1,239,1
69 DATA 251,1,233,1,255,2,247,1,255,1,253,1,255,1,191,1,255,1
70 DATA 239,1,187,1,245,1,241,1,250,1,183,1,189,1,181,1,175,1
71 DATA 252,1,240,1,248,1,255,1,253,1,251,1,255,1,247,1,189,1
72 DATA 247,1,185,1,255,1,253,1,247,1,249,1,226,1,245,1,253,1
73 DATA 183,1,230,1,189,1,253,1,230,1,255,1,253,1,255,1,253,2
74 DATA 247,1,255,1,247,1,255,1,191,1,245,1,240,1,190,1,234,1
75 DATA 247,1,253,1,235,1,254,1,255,1,175,2,255,1,253,1,251,1
76 DATA 239,1,246,2,247,1,237,2,230,1,238,1,242,1,239,2,255,1
77 DATA 230,1,246,1,253,1,245,1,255,3,254,1,253,1,247,1,254,1
78 DATA 187,1,254,1,245,1,234,1,255,1,178,1,191,1,245,1,191,1
79 DATA 190,1,175,1,163,1,237,1,183,1,255,3,247,1,237,1,253,1
80 DATA 247,1,231,2,233,1,251,1,234,1,238,2,255,2,189,1,247,1
81 DATA 234,1,255,3,254,1,251,1,247,1,190,1,191,1,251,1,253,1
82 DATA 231,1,250,1,254,1,190,1,181,1,191,1,247,1,190,1,249,1
83 DATA 254,2,255,4,191,1,250,1,255,1,230,2,241,1,248,1,234,1
84 DATA 238,1,181,1,253,1,239,1,251,1,239,1,183,1,255,3,254,1
85 DATA 255,1,251,1,231,1,247,1,253,1,231,1,239,1,253,1,171,1
86 DATA 255,1,175,1,238,1,251,1,249,2,181,1,255,7,249,1,237,1
87 DATA 242,1,231,1,254,1,181,1,182,1,255,1,235,1,181,1,253,1
88 DATA 255,1,189,1,255,3,239,1,253,1,247,2,189,2,253,1,239,1
89 DATA 243,1,248,1,255,1,227,1,175,1,191,1,251,1,191,1,255,5
90 DATA 247,1,191,1,187,1,230,1,231,1,187,1,249,1,235,1,234,1
91 DATA 247,1,255,1,233,1,246,1,255,1,237,1,245,1,255,4,254,1
92 DATA 247,2,254,1,251,1,187,1,190,1,178,1,175,1,239,1,175,1
93 DATA 191,1,230,1,183,1,251,1,255,5,237,1,239,1,234,1,185,1
94 DATA 187,1,254,1,185,1,255,1,234,1,255,2,232,1,235,1,255,1
95 DATA 234,2,255,2,253,1,255,1,254,1,251,1,249,1,237,2,231,1
96 DATA 190,1,234,1,235,1,171,1,243,1,251,1,249,1,231,1,189,1
97 DATA 187,2,250,1,255,2,253,1,254,1,190,1,246,1,241,2,249,1
98 DATA 250,1,234,1,239,1,234,3,239,1,245,1,183,1,255,2,191,1
99 DATA 253,1,247,1,253,1,251,1,187,1,249,1,237,1,231,1,246,1
100 DATA 244,1,242,1,230,1,251,1,246,1,254,2,250,1,254,1,255,3
101 DATA 191,1,175,2,167,1,188,1,227,1,255,2,181,1,250,1,179,1
102 DATA 181,1,234,1,235,1,255,1,230,1,255,2,247,1,253,1,251,1
103 DATA 238,3,185,1,189,1,187,1,227,1,249,1,185,1,187,1,243,2
104 DATA 251,1,179,1,252,1,175,1,252,1,254,1,255,1,191,1,175,1
105 DATA 163,1,191,2,247,1,231,1,237,1,250,1,229,1,250,1,237,1
106 DATA 181,2,255,1,234,1,255,1,253,1,191,1,253,1,237,1,247,2
107 DATA 237,1,187,1,229,2,230,2,233,3,227,1,235,1,250,1,254,1
108 DATA 255,1,191,1,175,1,252,1,255,1,252,1,247,1,233,1,246,1
109 DATA 230,2,187,1,181,1,234,2,238,1,226,1,183,1,255,1,245,1
110 DATA 255,2,239,1,190,1,247,1,189,1,249,1,231,1,185,1,238,1
111 DATA 227,1,185,5,249,1,248,1,255,1,167,1,184,1,238,1,251,1
112 DATA 255,2,191,1,233,1,190,1,241,1,185,3,181,1,231,1,189,1
113 DATA 229,1,245,2,255,1,253,1,255,2,191,1,247,1,253,1,251,1
114 DATA 190,1,187,1,230,8,165,1,191,1,252,1,229,1,230,1,189,1
115 DATA 183,1,255,2,191,1,229,3,181,4,234,1,255,1,250,1,255,1
116 DATA 253,1,255,1,183,1,234,1,999,999
117 DATA 15,10,0,13,15,1,0,14,15,1,0,1,15,9,0,12,15,2,14,1
118 DATA 8,1,12,2,15,3,0,8,15,1,0,1,15,12,0,8,12,2,8,1
119 DATA 14,1,8,1,12,3,8,1,15,2,0,7,15,1,0,1,15,8,0,1
120 DATA 15,1,0,5,8,2,11,1,6,3,15,1,12,1,8,1,12,1,8,1
121 DATA 14,1,15,4,0,7,15,1,0,1,15,10,0,1,15,2,8,5,6,4
122 DATA 11,2,15,2,14,1,15,5,0,8,15,12,8,5,6,7,11,1,15,7
123 DATA 0,6,15,1,0,1,15,9,0,1,8,7,6,3,4,1,6,2,11,1
124 DATA 6,1,15,5,0,1,15,1,0,6,15,1,0,1,15,10,8,5,6,2
125 DATA 11,2,6,1,11,1,6,1,11,1,6,1,11,1,15,9,0,6,15,10
126 DATA 7,4,8,2,6,1,11,1,6,1,15,2,11,1,15,13,0,5,15,9
127 DATA 12,1,7,3,8,2,12,2,15,17,0,6,15,9,8,2,7,1,8,2
128 DATA 14,1,8,3,14,1,15,3,0,1,15,2,0,1,15,5,12,1,15,2
129 DATA 0,6,15,8,0,1,8,2,7,1,8,1,14,2,12,1,15,10,0,1
130 DATA 15,3,0,1,14,1,15,3,0,5,15,8,0,1,7,3,14,2,12,1
131 DATA 8,1,15,13,0,2,14,1,15,3,0,3,15,1,0,1,15,8,0,1
132 DATA 8,1,7,1,12,1,14,2,12,2,8,1,14,1,8,1,14,1,15,9
133 DATA 0,2,12,1,14,1,15,3,0,4,15,9,7,1,8,1,14,1,15,2
134 DATA 12,3,8,1,14,1,15,8,0,2,15,1,0,1,8,2,0,1,15,2
135 DATA 0,2,15,1,0,1,15,9,7,2,15,3,12,2,8,1,14,2,15,7
136 DATA 0,2,15,1,0,2,15,1,14,1,15,1,8,1,0,1,15,1,0,1
137 DATA 15,1,0,1,15,10,8,1,14,2,8,3,14,2,15,7,0,6,12,2
138 DATA 15,1,12,1,15,2,0,1,15,1,0,1,15,10,14,3,15,1,14,3
139 DATA 15,8,0,6,12,2,15,1,12,1,0,1,15,1,0,3,15,10,8,2
140 DATA 14,5,15,9,0,1,15,3,0,1,12,2,15,1,12,1,15,4,0,1
141 DATA 15,11,0,1,8,1,14,1,15,13,8,1,15,4,12,1,14,1,15,4
142 DATA 0,2,15,7,0,1,15,2,0,1,15,1,0,1,15,4,14,2,15,1
143 DATA 7,6,15,6,12,2,15,1,12,1,0,1,15,1,0,2,15,8,0,9
144 DATA 8,1,7,4,15,4,0,1,15,1,0,2,15,1,0,1,14,2,15,1
145 DATA 12,1,15,3,0,1,15,7,0,1,15,2,0,6,7,3,14,3,15,3
146 DATA 0,1,15,2,0,4,12,3,15,4,0,1,15,7,0,9,7,1,14,5
147 DATA 15,3,0,7,12,3,15,4,0,1,999,999
148 DATA 15,1,0,1,15,4,0,4,15,13,0,1,15,14,0,2,15,1,0,1
149 DATA 15,2,0,5,15,12,0,1,8,1,15,1,14,1,15,2,8,1,0,2
150 DATA 15,7,0,3,15,1,0,1,15,1,0,9,15,7,12,1,8,1,14,1
151 DATA 12,3,14,1,8,2,14,1,15,1,0,1,15,6,0,3,15,2,0,1
152 DATA 15,1,0,4,15,1,0,1,15,7,8,1,10,1,8,1,14,1,11,2
153 DATA 12,1,14,2,15,1,14,2,8,1,0,1,15,6,0,3,15,2,0,2
154 DATA 15,1,0,5,15,1,0,2,15,1,8,3,6,1,10,2,4,2,6,1
155 DATA 15,1,11,1,8,3,14,3,0,1,15,5,0,1,15,1,0,1,15,3
156 DATA 0,8,6,1,8,4,6,1,8,1,4,3,11,3,4,1,15,2,14,2
157 DATA 0,1,8,1,0,1,15,5,0,3,15,1,0,8,15,1,0,1,6,2
158 DATA 8,1,6,3,11,1,10,1,8,1,6,1,4,1,11,1,6,1,11,2
159 DATA 15,2,0,1,15,1,14,1,8,1,15,5,0,3,15,2,0,1,15,1
160 DATA 0,6,11,1,6,1,7,1,6,2,8,2,11,1,15,1,11,1,6,1
161 DATA 4,1,15,1,11,1,15,1,0,1,15,3,0,1,14,1,8,1,0,2
162 DATA 15,3,0,1,15,1,0,1,15,1,0,1,15,3,0,4,8,2,7,3
163 DATA 8,1,6,1,11,1,6,1,11,3,15,1,0,1,15,3,0,1,15,3
164 DATA 14,1,12,1,0,1,15,1,0,1,15,4,0,1,15,1,0,1,15,2
165 DATA 0,5,8,2,7,3,12,1,8,3,11,1,15,1,0,1,15,3,0,1
166 DATA 15,2,0,4,12,1,0,1,15,6,0,1,15,2,0,1,15,1,0,4
167 DATA 15,2,14,1,8,1,7,1,14,1,8,1,14,1,12,2,15,3,0,1
168 DATA 15,1,0,2,15,1,0,1,15,3,0,1,15,1,0,1,14,1,15,5
169 DATA 0,1,15,1,0,1,15,1,0,1,15,1,0,1,15,1,0,1,15,1
170 DATA 7,1,15,1,14,2,8,2,7,1,14,3,15,1,0,2,15,1,0,3
171 DATA 15,2,0,2,15,1,12,1,0,1,14,1,0,1,15,4,0,2,15,1
172 DATA 0,3,15,1,0,1,15,1,8,2,12,2,8,3,12,1,0,1,15,1
173 DATA 14,2,15,1,0,8,15,2,8,1,12,1,0,1,15,4,0,2,15,2
174 DATA 0,6,8,1,7,2,8,1,15,1,8,3,12,2,14,1,15,4,0,6
175 DATA 15,2,14,1,8,1,0,1,15,5,0,1,15,2,0,6,14,1,8,1
176 DATA 7,1,8,1,14,2,8,3,12,1,8,1,14,1,15,4,0,2,15,3
177 DATA 0,1,15,2,14,1,15,1,0,2,15,2,0,2,15,2,0,1,15,1
178 DATA 0,5,14,3,15,1,14,2,8,1,12,1,8,1,15,10,0,1,15,2
179 DATA 8,2,15,1,12,1,15,1,0,4,15,2,0,8,12,1,8,1,14,4
180 DATA 8,1,15,6,0,2,15,7,8,1,15,1,8,1,0,1,15,2,0,2
181 DATA 15,3,0,7,8,1,12,1,8,1,14,1,8,2,15,1,14,1,15,5
182 DATA 0,1,11,1,15,5,0,1,15,1,12,1,15,1,8,2,15,3,0,1
183 DATA 15,1,0,1,15,1,0,7,15,1,7,1,8,1,15,2,8,1,15,1
184 DATA 14,4,15,2,7,1,8,1,0,1,15,1,0,3,15,2,14,2,15,1
185 DATA 8,1,0,4,15,1,0,10,8,1,12,1,8,1,14,6,15,3,8,2
186 DATA 7,2,15,1,8,1,15,2,14,2,12,1,8,1,12,1,0,1,15,2
187 DATA 0,1,15,1,0,6,15,1,0,2,15,1,0,1,15,1,0,4,8,1
188 DATA 15,1,8,1,15,1,14,1,7,1,8,3,0,6,8,1,14,2,8,1
189 DATA 15,3,0,9,15,10,8,1,7,1,8,1,14,1,8,1,15,1,0,2
190 DATA 15,1,0,1,15,2,0,1,15,1,12,2,14,1,8,1,0,1,15,1
191 DATA 0,2,15,1,0,6,15,1,0,2,15,7,7,1,8,2,12,1,8,1
192 DATA 15,2,0,1,15,1,0,2,15,4,14,2,8,2,0,1,15,1,0,2
193 DATA 15,1,0,6,15,9,8,2,12,3,15,3,0,1,15,7,14,1,12,1
194 DATA 14,1,15,1,0,1,15,1,8,1,15,1,999,999
