1 PRINT CHR$(11)
2 n=0
3 READ out,A
6 if out=999 then goto 12
7 FOR y=1 TO A
8 poke n+12327+y,out
9 NEXT y
10 n=n+A
11 GOTO 3
12 n=0
13 READ C,A
14 IF C=999 THEN GOTO 20
15 FOR y=1 TO A
16 POKE n+13351+y,C*16
17 NEXT y
18 n=n+A
19 GOTO 13
20 n=0
21 READ C,A
22 IF C=999 THEN GOTO 28
23 FOR y=1 TO A
24 POKE n+13351+y,PEEK(n+13351+y)+C
25 NEXT y
26 n=n+A
27 GOTO 21
28 A$=INKEY$: IF A$="" THEN GOTO 28
29 PRINT CHR$(11)
30 DATA 127,45,215,1,175,1,239,1,175,1,191,1,239,1,183,1,235,1
31 DATA 239,1,175,6,239,1,175,1,191,1,127,1,175,1,239,1,175,4
32 DATA 239,1,175,1,239,1,215,1,175,1,239,1,127,9,152,1,129,1
33 DATA 239,1,129,1,203,1,142,1,174,1,190,1,195,1,207,1,171,1
34 DATA 145,1,203,2,152,1,203,1,145,1,203,1,129,1,242,1,28,1
35 DATA 203,1,152,1,203,1,152,1,145,1,199,1,182,1,199,1,179,1
36 DATA 201,1,127,9,199,1,243,1,29,1,240,1,245,1,250,1,240,1
37 DATA 175,1,217,1,243,1,248,1,145,1,242,1,245,1,242,1,250,1
38 DATA 240,1,241,1,199,1,243,1,29,1,245,1,250,1,245,1,242,1
39 DATA 243,1,242,1,193,1,204,1,241,1,217,1,127,62,215,1,248,1
40 DATA 137,1,251,1,127,34,144,1,192,1,126,1,127,1,199,1,127,1
41 DATA 128,1,137,1,171,1,127,30,192,1,127,1,217,1,39,1,127,1
42 DATA 217,1,193,1,252,1,175,1,127,1,253,1,201,1,127,27,29,1
43 DATA 127,1,145,1,127,2,106,1,127,1,44,1,128,1,7,1,254,1
44 DATA 127,2,201,1,127,24,144,1,145,1,127,1,215,1,127,4,136,1
45 DATA 31,1,128,1,127,1,144,1,167,1,252,1,247,1,239,1,127,23
46 DATA 238,1,137,1,254,1,127,1,239,1,215,1,248,1,254,1,127,2
47 DATA 175,1,137,1,127,1,99,1,215,1,31,1,129,1,127,23,137,1
48 DATA 252,1,167,1,199,1,137,1,127,2,136,1,248,1,127,5,129,1
49 DATA 127,1,129,1,127,24,145,1,127,3,167,1,152,1,127,6,192,1
50 DATA 127,1,183,1,127,26,193,1,127,2,194,1,127,2,45,1,127,2
51 DATA 215,1,217,1,127,1,215,1,127,28,199,1,136,1,127,2,137,1
52 DATA 252,2,128,1,127,2,248,1,127,31,253,1,31,1,175,1,136,2
53 DATA 175,1,252,1,127,80,239,1,127,27,175,1,127,1,175,1,127,4
54 DATA 95,1,136,1,175,1,127,2,212,1,191,1,175,1,127,2,175,1
55 DATA 127,2,175,1,127,14,199,1,253,1,127,1,199,1,253,1,31,1
56 DATA 253,1,27,1,127,4,27,1,128,1,31,1,199,1,253,1,14,1
57 DATA 253,1,31,1,217,1,253,1,31,1,199,1,253,1,27,1,127,15
58 DATA 136,1,175,1,127,4,191,1,127,1,136,1,127,5,95,1,136,1
59 DATA 127,2,95,2,175,1,127,18,253,1,31,2,127,1,199,2,127,1
60 DATA 27,2,137,1,217,1,199,1,127,1,27,3,252,1,127,1,27,4
61 DATA 127,51,145,1,129,1,125,1,29,1,223,1,192,1,91,1,125,1
62 DATA 221,1,91,1,127,1,91,1,125,1,234,1,221,1,127,6,195,1
63 DATA 163,1,243,1,158,1,15,1,151,2,140,1,93,1,227,1,103,1
64 DATA 127,8,999,999
65 DATA 0,45,7,1,0,27,7,1,0,12,7,1,0,2,7,3,14,2,7,1
66 DATA 0,3,7,2,0,1,7,3,0,1,7,5,0,2,7,2,0,1,7,1
67 DATA 0,9,7,1,0,1,7,1,0,4,14,2,0,9,7,1,0,1,7,1
68 DATA 0,7,7,1,0,1,7,1,0,62,7,3,0,35,14,2,0,1,7,1
69 DATA 14,4,0,31,14,3,0,1,7,1,0,1,7,1,0,1,14,4,0,28
70 DATA 14,2,7,2,0,1,7,1,0,1,7,2,14,4,0,24,7,1,0,1
71 DATA 14,1,7,5,14,4,7,1,14,1,7,2,0,24,7,5,14,6,7,2
72 DATA 0,1,14,3,0,25,7,1,0,1,14,3,7,8,14,2,0,25,14,4
73 DATA 0,1,7,6,14,3,0,27,14,2,0,1,7,2,0,1,7,2,14,1
74 DATA 7,1,14,1,0,29,14,1,0,1,14,8,0,34,14,1,0,2,14,1
75 DATA 0,116,7,2,0,26,7,1,0,2,7,1,0,3,7,1,0,4,7,1
76 DATA 0,2,7,1,0,4,7,1,0,2,7,1,0,1,7,1,0,15,14,1
77 DATA 0,7,14,1,0,5,14,2,0,2,14,2,0,23,14,2,0,1,14,2
78 DATA 0,1,14,2,0,1,14,3,0,2,14,4,0,52,7,4,0,1,7,4
79 DATA 0,1,7,2,0,1,7,1,0,7,14,2,7,4,0,1,7,1,0,1
80 DATA 7,1,0,8,999,999
81 DATA 0,46,7,7,14,1,7,19,0,1,7,2,0,9,7,1,0,1,7,2
82 DATA 0,1,14,2,7,1,0,2,7,3,0,2,7,1,0,3,7,1,0,5
83 DATA 7,2,0,2,7,1,0,11,7,1,0,1,7,3,14,1,0,2,7,9
84 DATA 0,1,7,1,0,1,7,7,0,1,7,1,0,66,7,1,0,36,7,1
85 DATA 0,1,7,2,0,2,14,2,0,28,14,1,0,2,7,2,0,1,7,1
86 DATA 14,2,0,30,14,3,7,1,0,1,7,4,0,3,14,1,0,2,7,1
87 DATA 0,22,7,1,0,1,14,4,0,1,7,1,0,1,7,3,14,2,7,1
88 DATA 14,2,7,1,0,22,7,1,0,2,14,1,0,2,7,3,14,1,7,2
89 DATA 14,1,0,1,7,3,0,24,7,2,14,2,0,1,14,5,7,3,14,2
90 DATA 0,26,14,1,0,1,14,1,0,2,7,1,0,1,7,6,14,1,0,27
91 DATA 14,1,0,2,14,1,0,2,7,1,0,1,7,2,14,4,0,28,14,2
92 DATA 7,5,14,1,0,1,14,2,0,30,14,2,0,1,14,2,0,1,14,2
93 DATA 0,79,7,1,0,22,7,12,0,2,7,13,0,14,7,1,0,2,7,3
94 DATA 0,1,7,4,0,1,7,2,0,1,7,4,0,1,7,2,0,1,7,1
95 DATA 0,1,7,1,0,13,14,1,0,1,14,7,0,1,14,5,0,2,14,2
96 DATA 0,2,14,2,0,17,14,4,0,5,14,1,0,6,14,2,0,4,14,1
97 DATA 0,50,7,1,0,4,7,1,0,4,7,1,0,2,7,1,0,7,14,1
98 DATA 13,1,12,1,0,4,7,1,0,1,7,1,0,9,999,999
