1 PRINT CHR$(11)
2 n=0
3 READ out,A
6 if out=999 then goto 12
7 FOR y=1 TO A
8 poke n+12327+y,out
9 NEXT y
10 n=n+A
11 GOTO 3
12 n=0
13 READ C,A
14 IF C=999 THEN GOTO 20
15 FOR y=1 TO A
16 POKE n+13351+y,C*16
17 NEXT y
18 n=n+A
19 GOTO 13
20 n=0
21 READ C,A
22 IF C=999 THEN GOTO 28
23 FOR y=1 TO A
24 POKE n+13351+y,PEEK(n+13351+y)+C
25 NEXT y
26 n=n+A
27 GOTO 21
28 A$=INKEY$: IF A$="" THEN GOTO 28
29 PRINT CHR$(11)
30 DATA 127,43,46,1,11,1,127,2,128,2,199,1,127,5,136,1,231,1
31 DATA 95,1,127,1,44,1,127,2,251,1,95,1,127,1,46,1,127,3
32 DATA 215,1,128,2,217,1,127,2,95,1,46,1,127,5,44,1,16,1
33 DATA 127,4,201,1,127,1,199,1,201,1,127,1,231,1,31,1,128,1
34 DATA 127,1,198,1,127,1,18,1,221,1,127,3,128,1,13,1,136,1
35 DATA 46,1,215,1,127,1,215,1,127,4,199,1,16,1,127,5,11,1
36 DATA 127,6,199,1,144,1,127,1,158,1,127,5,151,1,18,1,221,1
37 DATA 207,1,127,5,223,1,127,1,192,1,127,6,199,1,250,1,127,3
38 DATA 199,1,127,8,231,1,193,1,127,1,171,1,127,3,136,1,9,1
39 DATA 18,1,131,1,173,1,144,1,101,1,127,2,192,1,144,1,14,1
40 DATA 11,1,127,7,199,1,127,10,198,1,57,1,127,2,128,1,201,1
41 DATA 199,1,167,3,137,1,16,1,167,1,252,1,173,1,242,1,136,1
42 DATA 192,1,215,1,127,2,199,1,111,1,127,16,46,1,10,1,127,4
43 DATA 198,1,183,1,192,1,127,3,145,1,129,1,127,3,169,1,231,1
44 DATA 127,4,199,1,231,1,44,1,127,8,183,1,136,2,127,2,144,1
45 DATA 22,1,127,4,251,1,10,1,192,1,127,3,195,1,18,2,127,4
46 DATA 193,1,245,1,46,1,127,3,193,1,69,1,144,1,127,1,136,2
47 DATA 252,1,127,3,203,1,127,4,137,2,171,1,175,1,144,1,249,1
48 DATA 130,1,192,1,127,3,167,1,195,1,18,2,137,1,144,1,127,3
49 DATA 199,1,163,1,144,2,175,1,248,1,137,1,128,1,127,7,253,1
50 DATA 175,2,95,1,136,1,144,2,127,4,151,1,127,3,192,1,217,1
51 DATA 34,1,204,2,254,1,201,1,127,3,199,1,201,1,127,3,144,1
52 DATA 136,1,144,1,187,1,175,1,252,2,127,6,198,1,243,1,129,1
53 DATA 128,2,235,1,247,1,21,1,152,1,183,1,157,1,12,1,152,1
54 DATA 127,5,183,1,199,1,127,3,203,1,243,1,254,1,127,3,205,1
55 DATA 243,1,127,10,197,1,127,1,18,1,137,1,203,1,128,1,18,1
56 DATA 129,1,199,1,95,1,24,1,129,1,175,1,248,1,172,1,136,1
57 DATA 175,1,195,1,18,1,127,3,18,1,6,1,128,1,127,3,145,1
58 DATA 6,1,127,9,195,2,127,1,18,1,196,1,203,1,127,1,96,1
59 DATA 127,3,195,1,137,1,163,1,252,1,31,2,136,1,18,2,127,3
60 DATA 152,1,151,1,215,1,31,1,144,1,127,2,152,1,127,9,45,1
61 DATA 151,1,127,1,18,1,21,1,203,1,215,1,96,1,127,3,145,1
62 DATA 152,1,127,4,128,1,199,1,195,1,127,3,153,1,201,2,17,1
63 DATA 215,1,254,1,235,1,17,1,129,1,127,8,195,1,129,1,127,1
64 DATA 129,1,252,1,153,1,127,1,95,1,127,4,199,1,235,1,127,4
65 DATA 190,1,127,4,152,1,145,1,215,1,95,1,195,1,31,1,29,1
66 DATA 18,1,127,9,145,1,129,1,127,1,128,1,127,2,128,1,17,1
67 DATA 151,1,127,4,253,1,7,1,136,1,167,1,248,1,127,5,129,1
68 DATA 145,2,151,1,152,1,127,1,145,1,152,1,28,1,127,8,192,1
69 DATA 129,1,127,1,46,1,144,1,14,1,31,1,127,1,243,1,136,1
70 DATA 252,1,45,1,128,1,129,1,153,1,152,1,128,1,136,1,213,1
71 DATA 159,1,193,1,137,1,45,1,137,3,151,1,18,1,127,1,195,1
72 DATA 152,1,4,1,127,7,144,1,4,1,127,1,128,1,31,1,28,1
73 DATA 127,1,252,2,127,1,31,1,28,1,253,1,252,1,227,1,31,1
74 DATA 147,1,6,1,136,1,137,1,4,1,137,1,252,1,254,1,127,1
75 DATA 31,1,217,1,145,1,252,2,27,1,242,1,61,1,127,5,183,1
76 DATA 252,4,251,1,27,1,31,1,28,1,127,1,252,2,199,1,31,2
77 DATA 28,1,252,3,31,3,252,2,254,1,191,1,31,1,29,1,247,1
78 DATA 252,2,127,1,191,1,31,2,29,1,127,4,253,1,252,3,127,4
79 DATA 252,3,254,1,127,3,252,4,127,3,253,1,252,3,127,3,128,1
80 DATA 252,4,127,10,144,1,127,3,144,1,127,3,144,1,127,2,44,1
81 DATA 127,1,144,2,127,1,144,1,46,1,127,2,144,1,127,1,144,2
82 DATA 127,1,46,1,127,1,46,1,127,7,33,1,198,2,46,1,243,1
83 DATA 127,1,1,1,127,1,207,1,127,2,243,1,127,1,243,1,198,1
84 DATA 76,1,128,1,198,1,127,1,198,1,243,1,45,1,207,1,243,1
85 DATA 127,1,198,2,127,2,243,1,207,1,127,1,207,2,40,1,243,1
86 DATA 127,4,70,1,103,1,214,2,127,1,119,1,214,1,128,1,70,1
87 DATA 127,1,103,1,127,1,70,1,103,1,70,1,34,1,103,1,40,1
88 DATA 128,1,214,1,6,1,127,1,70,1,40,1,86,1,70,1,40,1
89 DATA 127,1,83,1,70,1,103,2,70,1,127,1,40,3,70,1,127,2
90 DATA 9,2,72,1,7,1,127,1,6,1,127,1,40,1,119,1,114,1
91 DATA 99,1,76,1,119,1,9,1,7,1,46,1,127,24,999,999
92 DATA 0,43,7,2,0,2,3,2,0,6,7,1,0,1,2,1,0,1,7,1
93 DATA 0,3,7,1,0,1,10,1,0,3,3,4,0,2,7,2,0,5,7,2
94 DATA 0,5,3,1,0,1,3,1,0,5,10,1,0,1,7,2,0,4,7,3
95 DATA 3,2,0,5,7,1,0,6,7,1,0,6,3,1,0,1,3,1,0,6
96 DATA 2,1,7,2,8,1,0,6,3,1,0,7,7,1,0,4,7,1,0,10
97 DATA 3,1,0,4,3,2,7,2,0,1,10,1,8,1,0,2,3,1,0,2
98 DATA 7,1,0,7,7,1,0,10,7,2,0,6,3,1,0,1,6,1,0,2
99 DATA 6,1,0,2,3,2,0,3,7,2,0,16,7,2,0,4,7,1,3,1
100 DATA 6,5,0,1,6,3,0,1,3,1,0,4,7,1,0,1,7,1,0,9
101 DATA 3,2,0,2,7,2,0,5,3,1,6,5,0,2,6,5,3,1,7,1
102 DATA 0,4,7,2,0,1,3,3,0,3,3,7,0,2,3,1,0,1,3,1
103 DATA 6,5,0,5,6,3,3,1,0,1,3,2,0,1,3,7,0,4,3,2
104 DATA 0,4,3,5,6,3,0,5,2,2,6,3,0,2,3,3,0,2,7,1
105 DATA 3,2,0,8,7,5,0,4,6,1,7,1,0,2,2,6,6,4,3,1
106 DATA 0,5,7,1,0,11,7,1,0,1,7,1,10,1,0,2,3,1,0,5
107 DATA 2,1,0,2,7,1,0,3,6,3,0,18,7,1,0,1,7,1,8,1
108 DATA 0,2,3,1,6,4,2,1,7,1,0,6,6,4,3,1,10,3,0,2
109 DATA 7,1,0,9,7,2,0,1,7,1,2,1,0,1,7,1,3,1,6,4
110 DATA 0,1,2,5,0,2,6,4,10,1,0,3,10,1,0,1,7,2,0,9
111 DATA 7,1,0,2,7,2,0,1,3,1,6,4,0,1,2,5,0,1,6,5
112 DATA 0,1,10,2,0,2,10,1,7,1,0,10,7,1,0,7,6,5,0,2
113 DATA 2,1,6,7,0,1,10,1,0,2,10,2,0,1,7,1,0,8,7,2
114 DATA 0,1,7,4,0,3,7,1,0,2,1,6,0,4,7,2,0,3,10,2
115 DATA 0,1,7,1,0,7,7,2,0,4,7,3,0,3,7,2,0,4,7,1
116 DATA 0,1,1,1,0,1,7,3,0,1,7,1,0,1,7,2,0,1,7,2
117 DATA 0,6,7,4,0,1,7,1,0,2,7,4,0,3,7,3,0,3,7,4
118 DATA 0,1,7,1,0,1,7,4,0,2,7,1,0,48,7,1,0,3,7,1
119 DATA 0,3,7,1,0,2,7,1,0,1,7,2,0,1,7,2,0,2,7,1
120 DATA 0,1,7,2,0,1,7,1,0,1,7,1,0,7,7,4,0,2,7,1
121 DATA 0,1,7,1,0,5,7,2,0,1,7,1,0,1,7,1,0,1,7,2
122 DATA 0,2,7,2,0,3,7,1,0,1,7,3,0,5,7,4,0,1,7,2
123 DATA 0,1,7,1,0,1,7,1,0,1,7,6,0,1,7,2,0,1,7,5
124 DATA 0,1,7,5,0,1,7,4,0,2,7,4,0,1,7,1,0,1,7,9
125 DATA 0,24,999,999
126 DATA 0,42,10,1,0,6,3,2,0,1,2,1,10,2,0,1,7,1,0,3
127 DATA 7,3,0,1,10,1,0,1,10,1,0,7,2,1,0,2,7,1,0,3
128 DATA 7,1,0,5,2,1,3,3,0,1,10,1,7,3,0,2,10,1,0,2
129 DATA 2,1,0,2,7,1,0,5,3,2,0,2,7,1,0,1,7,2,0,3
130 DATA 7,1,0,1,2,1,0,6,3,1,0,1,3,1,0,4,10,1,0,4
131 DATA 10,1,0,3,7,1,3,1,0,1,3,1,10,1,0,6,7,2,0,3
132 DATA 7,1,0,6,7,2,3,1,0,1,3,1,0,1,2,1,10,1,0,4
133 DATA 3,1,0,2,7,1,3,1,0,1,3,2,0,1,10,1,0,5,10,1
134 DATA 0,1,7,1,0,8,10,1,0,2,7,1,0,1,3,4,0,1,6,1
135 DATA 0,1,6,2,0,1,6,1,3,1,0,2,3,2,0,3,7,1,0,5
136 DATA 2,1,10,1,0,7,7,1,0,2,7,1,0,2,7,1,0,4,6,2
137 DATA 0,1,6,3,0,1,6,1,0,1,7,1,0,4,7,1,0,9,3,1
138 DATA 0,3,7,1,0,2,7,1,0,2,7,2,0,2,6,3,7,4,6,3
139 DATA 0,6,7,1,0,10,3,4,0,2,3,2,0,1,7,1,0,2,6,3
140 DATA 0,1,7,3,6,5,0,1,3,1,0,2,3,1,0,4,3,3,0,3
141 DATA 3,1,0,2,3,8,0,2,6,3,2,4,0,3,6,3,3,3,0,1
142 DATA 3,3,0,2,3,2,0,11,7,2,3,1,6,1,0,2,6,1,2,6
143 DATA 0,2,6,3,0,1,7,2,0,4,7,2,0,8,7,1,0,4,7,2
144 DATA 0,1,6,2,7,1,6,1,2,1,0,1,2,2,0,1,7,3,6,4
145 DATA 7,2,0,3,7,3,0,8,7,1,0,4,7,2,0,2,6,2,0,3
146 DATA 7,6,6,3,0,5,10,1,2,1,0,1,7,1,0,13,7,1,0,2
147 DATA 6,3,0,1,2,4,0,2,2,1,6,4,0,2,10,3,0,1,10,1
148 DATA 0,10,7,1,0,2,7,1,0,2,7,1,0,2,6,4,0,1,2,3
149 DATA 0,1,2,1,0,1,6,3,0,1,4,1,0,2,10,2,0,2,7,1
150 DATA 0,8,7,1,0,2,7,2,0,1,7,1,3,1,6,5,0,1,2,2
151 DATA 0,3,6,4,0,1,4,1,0,1,10,3,0,1,7,1,0,11,7,1
152 DATA 0,4,7,3,6,1,7,1,6,1,0,6,1,1,6,2,7,1,0,2
153 DATA 10,4,0,1,7,1,0,10,7,4,0,3,7,3,0,1,1,1,7,1
154 DATA 1,3,0,1,1,1,0,1,1,1,0,3,7,1,0,1,7,1,0,1
155 DATA 10,1,7,1,0,7,7,1,0,4,7,1,0,1,7,2,0,4,7,3
156 DATA 0,3,7,3,0,4,7,1,0,1,7,1,0,4,7,2,0,1,7,2
157 DATA 0,2,7,5,0,2,7,5,0,3,7,4,0,3,7,5,0,2,7,6
158 DATA 0,4,7,3,0,1,7,1,0,1,7,1,0,1,7,1,0,2,7,1
159 DATA 0,2,7,2,0,1,7,1,0,2,7,1,0,2,7,1,0,2,7,1
160 DATA 0,2,7,1,0,3,7,3,0,8,7,2,0,1,7,1,0,1,7,1
161 DATA 0,1,7,1,0,1,7,1,0,2,7,1,0,1,7,1,0,1,7,1
162 DATA 0,2,7,1,0,3,7,3,0,5,7,1,0,11,7,1,0,3,7,1
163 DATA 0,6,7,1,0,61,999,999
