1 PRINT CHR$(11)
2 n=0
3 READ out,A
6 if out=999 then goto 12
7 FOR y=1 TO A
8 poke n+12327+y,out
9 NEXT y
10 n=n+A
11 GOTO 3
12 n=0
13 READ C,A
14 IF C=999 THEN GOTO 20
15 FOR y=1 TO A
16 POKE n+13351+y,C*16
17 NEXT y
18 n=n+A
19 GOTO 13
20 n=0
21 READ C,A
22 IF C=999 THEN GOTO 28
23 FOR y=1 TO A
24 POKE n+13351+y,PEEK(n+13351+y)+C
25 NEXT y
26 n=n+A
27 GOTO 21
28 A$=INKEY$: IF A$="" THEN GOTO 28
29 PRINT CHR$(11)
30 DATA 255,13,175,1,252,4,163,1,171,1,255,31,191,1,231,1,248,1
31 DATA 253,1,249,1,180,1,175,1,241,1,175,1,237,1,244,1,239,1
32 DATA 255,28,181,1,253,1,243,1,167,1,255,6,253,1,244,1,229,1
33 DATA 239,1,255,25,191,1,186,1,250,1,255,10,253,1,237,1,235,1
34 DATA 255,24,190,1,254,1,255,13,227,1,239,1,255,22,234,1,250,1
35 DATA 255,14,245,2,255,22,234,1,255,16,237,1,239,1,255,21,245,1
36 DATA 235,1,255,15,253,1,252,1,255,22,250,1,255,5,191,1,167,1
37 DATA 174,1,175,1,237,1,244,1,239,1,167,1,174,1,175,1,242,1
38 DATA 238,1,239,1,255,21,234,1,255,1,191,1,255,2,248,1,183,1
39 DATA 255,4,253,1,255,1,234,1,255,3,253,1,233,1,239,1,255,19
40 DATA 183,1,237,1,234,2,245,1,255,1,247,1,255,1,191,1,244,1
41 DATA 255,3,253,1,181,1,255,1,248,1,244,1,255,1,234,2,255,19
42 DATA 181,1,175,1,253,1,235,1,181,1,235,1,239,2,253,1,175,1
43 DATA 255,3,191,1,245,1,175,1,251,1,247,1,255,1,251,1,254,1
44 DATA 255,19,245,1,181,1,245,1,234,1,255,1,250,1,253,1,239,1
45 DATA 244,1,255,3,250,1,191,1,167,1,252,1,255,1,253,1,251,1
46 DATA 254,1,255,21,254,1,248,1,253,1,255,4,171,1,175,2,239,1
47 DATA 183,1,174,1,175,3,254,1,255,1,239,1,255,22,183,1,252,1
48 DATA 255,3,191,1,248,1,252,1,243,1,248,1,252,5,254,1,255,1
49 DATA 239,1,235,1,255,21,171,1,236,1,255,3,254,1,167,1,255,10
50 DATA 253,1,181,1,255,22,234,1,255,2,234,2,255,12,233,1,235,1
51 DATA 255,21,252,1,255,4,183,1,244,1,175,2,255,5,191,1,175,1
52 DATA 252,1,174,1,254,1,255,21,234,1,255,2,181,2,253,1,252,2
53 DATA 244,1,175,4,235,1,191,1,254,1,255,21,183,1,163,1,238,1
54 DATA 254,1,255,3,239,2,255,5,191,1,248,2,254,1,255,21,191,1
55 DATA 183,1,245,1,229,1,239,1,255,4,171,1,163,1,175,3,167,1
56 DATA 174,1,250,1,255,23,186,1,255,3,244,1,236,1,175,1,255,5
57 DATA 253,1,252,1,245,1,237,1,175,1,255,22,183,1,234,1,255,5
58 DATA 253,1,252,1,175,1,171,1,175,1,255,3,181,1,255,1,252,1
59 DATA 237,1,239,1,255,20,253,1,175,1,244,1,239,1,255,7,181,1
60 DATA 175,1,235,1,255,1,245,1,171,1,250,1,252,1,245,1,255,13
61 DATA 999,999
62 DATA 7,14,0,4,7,34,15,1,7,1,0,4,3,1,0,1,15,1,0,1
63 DATA 7,30,0,1,15,1,0,1,3,8,0,1,7,27,0,1,3,12,0,1
64 DATA 7,25,0,1,3,14,0,1,7,23,15,1,3,16,0,1,7,22,15,1
65 DATA 3,16,0,1,7,23,3,17,0,1,7,22,15,1,3,7,0,4,3,2
66 DATA 0,1,15,1,7,1,0,1,7,22,0,1,3,4,0,2,7,5,0,1
67 DATA 7,5,0,1,7,22,3,1,0,2,3,1,0,1,7,2,0,1,7,4
68 DATA 0,1,7,1,0,2,7,1,0,1,7,21,0,2,15,1,3,2,0,1
69 DATA 7,2,0,1,7,4,0,1,7,1,0,2,7,1,0,1,7,21,0,1
70 DATA 15,1,3,4,0,2,7,3,0,3,3,3,0,1,7,23,0,2,3,4
71 DATA 0,5,3,4,0,2,7,23,0,1,3,5,0,2,15,1,8,8,0,1
72 DATA 7,22,0,2,3,3,0,2,8,11,0,1,7,22,0,1,3,2,0,1
73 DATA 8,13,0,1,7,22,15,1,3,2,0,1,8,2,0,1,8,9,0,2
74 DATA 7,22,3,4,0,1,8,4,0,6,7,24,0,1,3,4,0,1,8,7
75 DATA 0,1,7,24,0,1,7,1,0,1,3,5,0,1,8,5,0,1,7,24
76 DATA 0,1,7,4,0,1,3,8,15,1,0,1,7,32,3,6,15,1,7,2
77 DATA 0,1,7,22,0,2,7,9,0,1,3,3,7,1,0,1,7,1,0,1
78 DATA 7,13,999,999
79 DATA 7,13,0,1,7,4,0,2,7,31,0,3,15,3,3,1,0,1,3,2
80 DATA 7,1,15,1,7,28,15,1,7,1,0,1,3,7,0,2,15,2,7,25
81 DATA 15,2,0,1,3,10,0,1,15,2,7,24,3,1,15,1,3,13,15,1
82 DATA 0,1,7,23,0,1,3,14,0,1,7,24,3,16,15,1,0,1,7,21
83 DATA 15,1,0,1,3,15,0,1,15,1,7,22,0,1,3,5,15,1,0,1
84 DATA 7,2,3,2,0,2,7,2,0,1,15,2,7,22,3,1,0,1,3,3
85 DATA 7,5,0,2,15,1,7,3,0,1,15,1,0,1,7,19,0,3,3,3
86 DATA 15,1,7,1,0,1,7,4,0,1,15,1,7,5,15,1,7,19,15,2
87 DATA 3,1,0,3,3,1,0,2,7,4,0,1,15,1,0,1,7,3,15,2
88 DATA 7,19,15,1,7,1,0,2,3,1,0,2,3,1,7,5,15,1,3,1
89 DATA 0,1,3,1,0,1,15,1,0,1,7,21,0,1,15,1,3,9,15,1
90 DATA 0,4,3,1,0,2,7,22,3,1,0,1,3,3,0,1,3,2,0,5
91 DATA 15,3,8,2,0,1,7,22,3,5,8,11,15,2,7,23,3,3,0,1
92 DATA 8,12,15,1,0,1,7,21,0,1,3,2,0,1,8,1,0,1,15,1
93 DATA 0,1,15,1,8,5,15,1,0,1,8,1,15,1,0,1,7,21,15,1
94 DATA 3,2,0,1,8,1,0,1,15,1,0,1,15,1,8,5,15,1,0,1
95 DATA 7,21,0,2,15,2,3,4,0,1,8,5,15,2,0,1,15,1,7,21
96 DATA 0,1,7,1,0,1,15,2,3,5,0,2,15,1,0,2,15,1,0,1
97 DATA 7,23,15,1,7,3,0,1,3,1,0,1,3,5,15,1,0,2,7,1
98 DATA 0,1,7,22,0,2,7,5,0,2,7,1,15,1,0,1,3,3,7,2
99 DATA 0,1,7,1,15,1,7,20,15,1,8,1,7,1,15,1,7,7,0,1
100 DATA 7,1,0,1,3,1,0,2,7,1,15,1,7,14,999,999
