1 PRINT CHR$(11)
2 n=0
3 READ out,A
6 if out=999 then goto 12
7 FOR y=1 TO A
8 poke n+12327+y,out
9 NEXT y
10 n=n+A
11 GOTO 3
12 n=0
13 READ C,A
14 IF C=999 THEN GOTO 20
15 FOR y=1 TO A
16 POKE n+13351+y,C*16
17 NEXT y
18 n=n+A
19 GOTO 13
20 n=0
21 READ C,A
22 IF C=999 THEN GOTO 28
23 FOR y=1 TO A
24 POKE n+13351+y,PEEK(n+13351+y)+C
25 NEXT y
26 n=n+A
27 GOTO 21
28 A$=INKEY$: IF A$="" THEN GOTO 28
29 PRINT CHR$(11)
30 DATA 46,1,127,1,171,1,127,1,153,1,106,1,149,1,153,1,127,2
31 DATA 149,1,44,1,52,1,39,1,40,1,46,1,62,1,60,1,92,1
32 DATA 46,1,114,1,127,4,46,2,136,1,127,2,193,2,56,1,66,1
33 DATA 127,1,203,1,234,1,145,1,127,3,96,1,105,1,49,1,214,1
34 DATA 15,1,74,1,152,1,148,1,132,1,96,1,134,1,121,1,208,1
35 DATA 134,1,202,1,4,1,40,1,46,1,39,1,58,1,132,1,149,1
36 DATA 163,1,72,1,34,1,194,1,134,1,83,1,148,1,44,1,39,1
37 DATA 134,1,5,1,59,1,127,1,149,1,15,1,127,4,195,1,143,1
38 DATA 152,1,151,1,127,1,170,1,59,1,216,1,148,1,106,1,239,1
39 DATA 39,1,35,1,149,1,127,1,46,1,127,2,94,1,74,1,65,1
40 DATA 38,1,46,1,132,1,173,1,31,1,47,1,127,1,132,2,111,1
41 DATA 132,1,44,1,132,1,127,1,88,1,127,1,46,1,74,1,58,1
42 DATA 127,1,152,1,129,2,195,1,151,1,148,2,7,1,175,1,144,1
43 DATA 127,1,88,1,81,1,74,1,45,1,44,1,39,1,127,2,46,1
44 DATA 215,1,127,1,227,1,148,1,46,1,92,1,193,1,201,1,149,1
45 DATA 134,1,132,1,44,1,145,1,132,1,120,1,96,1,46,1,101,1
46 DATA 5,1,127,1,250,1,127,1,234,1,152,1,183,1,192,1,215,1
47 DATA 31,1,208,1,106,1,84,1,199,1,0,1,218,1,118,1,126,1
48 DATA 127,1,134,1,133,1,127,2,39,1,145,1,193,1,250,1,193,1
49 DATA 39,1,152,1,132,1,145,1,134,1,35,1,108,1,129,1,109,1
50 DATA 127,1,46,1,77,1,50,1,118,1,152,1,195,1,152,1,151,1
51 DATA 193,1,148,1,234,1,193,1,127,1,250,1,128,1,2,1,145,1
52 DATA 132,1,218,1,127,1,149,1,40,1,129,1,152,1,44,1,183,1
53 DATA 88,1,149,1,156,1,192,2,183,1,133,1,4,1,148,1,78,1
54 DATA 114,1,118,1,38,1,46,1,149,1,60,1,134,1,133,1,127,1
55 DATA 9,1,129,2,127,1,129,1,3,1,244,1,127,2,215,1,134,1
56 DATA 127,1,132,1,58,1,41,1,153,1,149,1,33,1,28,1,223,1
57 DATA 94,1,247,1,137,1,215,1,217,1,210,1,38,1,133,1,134,3
58 DATA 60,1,183,1,40,1,44,1,132,1,77,1,148,1,127,1,46,1
59 DATA 254,1,145,1,127,1,191,1,127,1,193,1,136,1,34,1,148,1
60 DATA 127,1,39,1,127,1,134,1,46,2,127,1,35,1,127,1,253,1
61 DATA 65,1,194,1,128,2,132,2,218,1,148,1,134,1,88,1,132,2
62 DATA 128,1,21,1,47,1,62,1,35,1,134,1,192,1,137,1,195,1
63 DATA 145,2,127,1,151,1,149,1,119,1,133,1,134,1,89,1,44,1
64 DATA 127,1,208,1,88,1,58,1,202,1,127,1,148,1,127,2,197,1
65 DATA 92,1,4,1,127,1,4,1,148,1,92,1,149,1,209,1,148,1
66 DATA 35,1,218,1,38,1,42,1,96,1,127,1,54,1,120,1,127,1
67 DATA 195,2,145,1,195,1,127,2,38,1,134,1,0,1,134,1,132,1
68 DATA 65,1,149,1,148,1,34,1,127,1,65,1,127,1,5,1,62,1
69 DATA 46,1,127,1,218,1,44,1,46,1,127,3,3,1,40,1,218,1
70 DATA 134,1,195,1,38,1,56,1,38,1,127,1,58,1,192,1,127,1
71 DATA 195,1,96,1,195,2,127,1,149,1,38,1,34,1,132,1,134,3
72 DATA 59,1,39,1,127,2,132,1,46,1,56,1,5,1,38,1,44,1
73 DATA 46,1,4,1,127,3,195,1,47,1,127,1,38,1,2,1,40,1
74 DATA 201,1,127,2,58,1,39,1,127,1,94,1,195,1,105,1,18,1
75 DATA 153,1,127,3,1,1,118,1,148,1,63,1,120,1,40,1,127,1
76 DATA 114,1,127,1,75,1,127,1,148,1,88,1,60,1,148,1,127,4
77 DATA 106,1,60,1,127,2,149,1,118,1,33,1,46,1,235,1,127,1
78 DATA 120,1,4,1,94,1,62,1,145,1,127,1,18,1,76,1,127,1
79 DATA 152,1,58,2,46,1,120,1,134,1,62,1,4,1,191,1,0,1
80 DATA 127,1,134,1,127,1,39,1,134,1,58,1,134,1,127,1,46,1
81 DATA 45,1,208,1,62,1,38,1,46,2,148,2,40,1,39,1,145,1
82 DATA 129,1,44,1,127,2,4,1,133,1,127,1,18,1,127,1,151,1
83 DATA 195,1,58,1,41,1,94,1,62,1,133,1,41,1,46,1,127,1
84 DATA 39,1,46,1,94,1,127,1,149,1,64,1,152,1,127,3,40,1
85 DATA 149,1,3,1,38,1,134,3,148,1,129,1,171,1,253,1,132,1
86 DATA 60,1,127,2,99,1,148,1,46,1,153,1,127,1,153,1,127,1
87 DATA 129,1,127,2,132,1,92,1,41,1,62,1,215,1,250,1,133,1
88 DATA 57,1,127,1,40,1,117,1,123,1,151,1,44,1,58,1,47,1
89 DATA 132,1,56,1,134,1,81,1,134,1,87,1,132,1,129,1,134,1
90 DATA 152,1,109,1,65,1,127,2,94,1,42,1,127,1,195,1,214,1
91 DATA 96,1,127,1,153,1,127,1,46,1,40,1,92,1,3,1,64,1
92 DATA 199,1,239,1,151,1,202,1,215,1,22,1,134,1,216,1,127,3
93 DATA 208,1,65,1,38,1,40,1,134,2,129,1,148,1,127,1,39,1
94 DATA 129,1,38,1,134,1,127,1,46,1,134,1,46,1,127,1,15,1
95 DATA 106,1,195,1,129,1,127,2,46,1,127,1,58,1,39,1,94,1
96 DATA 38,1,127,1,218,1,46,1,55,1,38,1,4,1,127,3,4,1
97 DATA 134,1,218,1,120,1,134,3,60,1,168,1,127,1,192,1,40,1
98 DATA 218,1,38,1,60,1,46,1,35,1,59,1,127,1,49,1,15,1
99 DATA 149,1,203,1,127,1,152,1,127,2,208,1,127,2,39,1,127,2
100 DATA 39,1,133,1,2,1,114,1,127,2,140,1,12,1,132,1,92,1
101 DATA 4,1,94,1,38,1,148,1,195,1,18,1,145,1,99,1,46,1
102 DATA 127,1,134,1,33,1,149,1,134,1,75,1,76,1,5,1,8,1
103 DATA 151,1,33,1,129,1,145,1,127,3,46,1,127,1,126,1,127,2
104 DATA 132,1,51,1,129,1,127,1,132,1,0,1,134,2,4,2,94,1
105 DATA 46,1,39,1,38,1,192,1,127,1,199,1,193,1,38,1,127,1
106 DATA 149,1,34,1,86,1,89,1,127,2,106,1,159,1,153,1,245,1
107 DATA 235,1,127,1,129,1,35,1,145,1,127,2,231,1,136,1,165,1
108 DATA 149,1,133,1,132,1,247,1,153,1,89,1,218,1,148,1,92,1
109 DATA 127,1,134,1,40,1,88,1,153,1,127,3,39,1,94,1,127,1
110 DATA 134,1,115,1,145,1,132,1,133,1,127,2,97,1,62,1,127,1
111 DATA 143,1,201,1,234,1,41,1,96,1,44,1,31,1,137,1,127,1
112 DATA 4,1,144,1,134,1,144,1,20,1,31,2,128,1,149,1,94,1
113 DATA 127,1,58,1,127,1,132,1,217,1,127,3,94,1,86,1,127,1
114 DATA 145,1,129,1,127,1,134,1,94,1,126,1,96,1,145,1,40,1
115 DATA 152,1,153,1,193,1,145,1,41,1,127,1,58,1,193,1,136,1
116 DATA 46,1,127,1,148,1,137,2,158,1,167,1,175,1,215,1,134,1
117 DATA 41,1,4,1,132,1,218,1,192,1,127,2,195,1,46,1,191,1
118 DATA 46,1,127,1,132,1,127,2,38,1,127,1,96,1,58,1,127,1
119 DATA 171,1,199,1,127,1,201,1,235,1,201,1,127,2,203,1,235,1
120 DATA 27,1,78,1,50,1,191,1,41,1,31,1,127,1,217,1,94,1
121 DATA 134,1,4,1,38,1,46,1,192,1,46,1,127,2,203,1,152,1
122 DATA 38,1,127,2,148,1,127,1,145,1,134,1,132,1,127,3,149,1
123 DATA 134,1,235,1,195,1,199,1,237,1,127,5,33,1,42,1,215,1
124 DATA 35,1,46,1,149,1,3,1,149,1,36,1,94,1,218,1,192,1
125 DATA 150,1,144,3,250,1,134,1,109,1,4,1,41,1,118,1,44,1
126 DATA 999,999
127 DATA 10,1,8,1,7,1,8,2,7,1,9,1,8,1,15,2,9,1,14,10
128 DATA 8,4,9,3,8,4,7,2,8,1,0,1,7,1,8,1,7,2,8,1
129 DATA 9,1,7,2,15,1,7,1,15,1,8,1,15,1,0,1,14,1,15,1
130 DATA 14,2,8,1,14,10,9,2,14,2,9,1,10,1,7,1,8,1,7,2
131 DATA 15,1,7,1,8,1,7,2,8,3,7,1,15,1,7,1,8,1,0,1
132 DATA 15,3,0,1,15,1,14,3,8,1,14,1,8,2,14,3,9,3,15,1
133 DATA 8,1,9,1,8,1,7,5,8,3,7,1,8,1,14,1,9,1,8,1
134 DATA 7,1,9,1,7,1,8,2,0,2,15,2,0,1,15,1,9,1,14,5
135 DATA 8,2,7,1,9,1,15,2,0,2,9,1,15,1,9,1,7,4,8,1
136 DATA 14,1,8,3,14,2,8,6,0,1,15,5,8,1,9,1,14,3,8,1
137 DATA 7,2,8,1,15,1,0,1,15,1,0,1,8,2,9,2,7,4,9,1
138 DATA 14,1,8,1,7,1,8,1,9,1,14,1,9,1,7,1,8,1,7,1
139 DATA 8,1,7,1,0,1,8,1,9,1,15,3,0,1,15,1,14,2,8,1
140 DATA 7,1,8,1,7,1,8,1,0,1,15,1,9,2,7,1,15,1,8,5
141 DATA 7,1,14,1,7,1,8,3,14,1,9,2,8,2,7,1,8,1,7,2
142 DATA 0,1,15,3,0,1,15,2,14,3,8,2,7,1,8,1,0,2,15,2
143 DATA 9,2,7,2,8,4,14,1,8,4,9,1,14,1,8,1,7,2,8,1
144 DATA 7,2,8,2,9,1,0,2,15,1,0,1,15,1,9,1,14,2,8,1
145 DATA 7,1,8,2,9,1,14,1,8,2,7,1,8,2,7,6,8,4,14,1
146 DATA 7,2,8,1,7,1,8,1,7,2,14,3,9,2,14,1,15,1,9,1
147 DATA 14,3,8,1,7,1,8,3,14,2,8,1,7,5,8,1,7,2,8,3
148 DATA 7,1,8,1,9,1,7,2,8,1,7,1,8,1,7,1,8,1,14,3
149 DATA 9,4,14,2,8,1,14,1,8,1,7,3,8,1,14,2,10,1,8,6
150 DATA 7,1,8,4,7,1,8,1,7,5,8,1,7,1,14,8,9,1,8,2
151 DATA 14,1,10,1,7,5,10,1,8,5,7,1,8,1,7,2,8,1,7,2
152 DATA 8,2,7,1,8,1,7,3,8,1,7,1,8,2,14,2,8,1,14,3
153 DATA 8,1,7,1,8,1,14,1,8,4,7,1,8,4,7,1,8,1,7,2
154 DATA 8,1,7,2,6,1,7,2,8,4,7,1,8,1,7,1,9,1,7,2
155 DATA 14,4,8,1,14,2,8,1,7,1,8,3,7,2,8,3,7,4,8,5
156 DATA 7,1,6,1,8,3,7,2,8,1,7,1,8,1,7,1,8,2,7,1
157 DATA 14,7,8,1,7,2,14,1,8,1,7,2,8,4,7,2,8,3,7,4
158 DATA 8,4,7,2,8,1,7,2,8,3,7,2,8,2,14,4,7,3,14,1
159 DATA 8,1,7,4,10,1,7,3,8,7,9,2,7,1,8,1,7,2,8,1
160 DATA 7,1,8,2,7,1,9,1,7,2,8,1,14,5,7,3,14,1,7,1
161 DATA 8,1,7,1,8,4,7,1,8,3,7,2,8,1,7,1,15,1,9,2
162 DATA 7,3,8,1,7,2,8,2,7,1,8,2,7,1,8,1,14,1,8,1
163 DATA 14,4,8,1,7,3,8,1,7,1,8,3,7,1,8,3,7,3,8,1
164 DATA 0,1,15,1,8,1,10,1,7,1,8,3,7,2,8,1,7,1,8,1
165 DATA 14,1,7,3,8,2,10,1,8,2,14,1,8,2,10,1,14,1,7,2
166 DATA 8,2,7,2,8,6,7,1,0,1,15,1,9,2,8,1,7,1,8,3
167 DATA 7,2,8,2,7,1,0,1,8,1,7,1,8,3,10,1,8,1,10,1
168 DATA 8,2,14,3,8,1,7,1,8,1,7,2,8,6,0,2,9,3,8,1
169 DATA 7,1,8,2,7,1,8,2,7,3,8,1,7,4,8,4,10,1,8,2
170 DATA 9,1,14,1,8,6,7,2,8,2,7,1,0,2,15,1,8,1,9,1
171 DATA 8,3,7,3,8,2,7,1,8,2,15,1,8,2,7,2,14,1,15,3
172 DATA 14,2,15,1,9,1,14,1,15,1,14,1,8,1,7,1,8,1,7,1
173 DATA 8,1,7,1,8,1,15,1,0,2,15,1,8,1,9,1,8,3,7,1
174 DATA 8,1,7,1,6,1,10,1,8,2,7,1,8,1,15,1,7,2,8,1
175 DATA 14,1,8,2,14,1,15,1,14,1,15,4,14,1,7,1,8,5,0,4
176 DATA 14,1,9,2,8,1,7,4,8,1,6,1,9,1,8,1,7,1,8,2
177 DATA 14,1,7,2,8,2,7,1,8,1,14,3,15,1,14,1,8,4,7,1
178 DATA 8,3,0,1,15,1,0,2,15,2,9,1,8,2,7,3,8,1,7,1
179 DATA 8,3,7,2,8,2,14,1,7,1,8,5,14,1,15,1,8,1,10,1
180 DATA 7,2,8,5,15,1,0,1,15,4,9,2,10,1,7,2,8,1,999,999
181 DATA 8,1,10,1,8,1,7,1,15,1,8,2,15,1,0,1,14,2,8,10
182 DATA 14,3,10,1,8,3,9,1,7,3,8,2,7,1,15,1,8,1,7,1
183 DATA 8,2,9,1,8,6,15,1,0,1,15,2,14,1,9,1,8,1,14,1
184 DATA 8,8,15,4,9,2,8,3,7,1,8,2,0,1,8,1,7,1,8,2
185 DATA 9,2,7,1,8,3,7,1,15,1,0,3,15,1,0,1,15,1,9,1
186 DATA 8,1,14,1,8,1,14,2,8,2,9,1,15,3,9,2,8,1,10,1
187 DATA 8,5,14,1,7,2,8,1,7,1,8,2,9,1,8,3,7,1,15,3
188 DATA 0,2,15,1,9,1,14,1,9,1,8,4,9,2,8,2,0,2,15,3
189 DATA 9,1,8,5,14,1,8,1,7,3,9,1,8,1,9,1,7,4,9,1
190 DATA 15,1,0,5,15,1,8,4,7,1,8,2,7,1,0,1,15,1,0,1
191 DATA 15,4,8,7,7,1,8,1,7,1,14,1,9,1,8,2,7,1,8,1
192 DATA 7,1,8,1,15,3,0,3,15,1,14,1,8,2,14,1,8,1,7,1
193 DATA 8,1,15,2,9,1,15,2,8,2,15,1,7,4,8,3,7,3,15,1
194 DATA 14,1,8,1,7,2,8,1,7,1,8,2,15,1,9,2,0,1,15,1
195 DATA 0,2,9,1,8,2,7,2,8,1,15,3,0,1,9,1,15,1,8,3
196 DATA 7,4,8,1,7,4,14,1,9,1,14,1,8,2,7,1,8,2,10,1
197 DATA 9,1,15,3,0,1,15,1,14,2,8,2,7,1,8,1,7,1,9,1
198 DATA 14,1,8,1,14,1,9,1,8,1,7,2,8,6,7,4,9,1,8,2
199 DATA 7,1,8,1,7,1,8,5,14,2,15,1,14,2,8,3,7,1,8,1
200 DATA 7,1,9,1,14,1,8,2,10,1,8,5,7,1,8,2,7,3,8,1
201 DATA 7,1,8,3,7,1,8,1,7,1,8,1,14,1,8,2,9,1,14,4
202 DATA 9,1,8,1,14,1,8,1,14,1,8,3,14,1,8,3,5,1,7,5
203 DATA 8,1,7,4,8,1,7,1,8,5,7,1,8,5,9,2,8,3,7,1
204 DATA 9,1,8,8,10,2,7,3,8,1,7,1,8,2,7,1,8,2,7,2
205 DATA 8,1,7,1,8,3,7,1,8,1,14,2,8,2,14,1,8,3,7,1
206 DATA 8,1,7,1,8,1,7,4,8,1,7,4,8,1,7,1,8,2,7,1
207 DATA 8,5,7,4,8,1,15,1,8,8,14,1,8,2,7,1,8,1,10,1
208 DATA 14,2,8,2,7,3,8,4,7,5,8,2,7,3,8,2,7,1,8,1
209 DATA 7,1,8,1,15,1,7,1,8,8,7,1,8,3,14,1,8,2,7,4
210 DATA 8,2,7,3,8,4,9,1,7,3,8,2,7,1,8,2,7,1,9,1
211 DATA 7,1,8,2,14,2,8,8,14,1,8,8,7,6,15,1,14,1,8,2
212 DATA 7,1,8,2,7,1,8,1,7,2,8,4,14,1,8,10,7,1,8,1
213 DATA 7,2,14,1,7,1,8,1,7,3,8,2,7,1,8,1,9,1,15,1
214 DATA 8,4,7,1,8,2,7,2,8,1,14,1,7,1,8,1,14,1,8,1
215 DATA 14,1,8,4,14,1,8,3,7,1,8,1,7,3,8,1,7,3,8,3
216 DATA 7,1,15,1,9,1,15,1,8,2,7,3,8,2,7,1,8,1,7,1
217 DATA 8,2,7,1,8,1,7,1,14,1,8,1,14,2,8,1,9,1,7,1
218 DATA 8,4,7,2,8,2,7,6,8,1,15,1,9,1,8,2,7,1,8,1
219 DATA 7,3,8,2,7,2,8,1,15,1,7,1,8,1,7,2,10,1,8,1
220 DATA 10,1,8,1,10,1,14,1,8,3,7,1,8,1,7,1,8,2,7,6
221 DATA 8,1,15,2,8,2,7,1,8,1,7,2,8,1,7,2,8,3,15,2
222 DATA 7,1,8,2,7,4,8,1,15,1,14,2,8,1,7,6,8,2,7,2
223 DATA 8,1,15,2,14,1,9,1,8,1,7,3,8,3,6,1,7,1,8,1
224 DATA 7,1,12,1,8,1,7,2,8,4,14,2,15,2,14,2,8,1,14,1
225 DATA 8,1,7,1,8,1,7,1,8,1,7,1,8,1,7,1,0,1,15,2
226 DATA 14,1,9,1,8,1,7,3,8,1,7,1,8,3,7,2,8,1,15,1
227 DATA 7,1,8,2,7,1,8,1,15,3,0,1,15,1,14,1,8,1,14,2
228 DATA 8,2,7,5,8,1,15,4,8,2,7,1,8,4,7,1,8,2,7,1
229 DATA 8,1,7,1,12,1,15,1,8,2,5,1,7,1,8,1,7,1,8,1
230 DATA 15,2,14,1,11,1,10,1,7,3,8,1,7,3,8,1,0,1,15,2
231 DATA 0,1,9,1,8,1,10,1,7,1,8,3,7,1,8,1,7,1,10,2
232 DATA 8,2,7,1,14,1,15,1,8,1,7,4,10,1,11,1,14,2,8,3
233 DATA 7,5,8,1,15,1,0,4,8,5,7,1,999,999
