1 PRINT CHR$(11)
2 n=0
3 READ out,A
6 if out=999 then goto 12
7 FOR y=1 TO A
8 poke n+12327+y,out
9 NEXT y
10 n=n+A
11 GOTO 3
12 n=0
13 READ C,A
14 IF C=999 THEN GOTO 20
15 FOR y=1 TO A
16 POKE n+13351+y,C*16
17 NEXT y
18 n=n+A
19 GOTO 13
20 n=0
21 READ C,A
22 IF C=999 THEN GOTO 28
23 FOR y=1 TO A
24 POKE n+13351+y,PEEK(n+13351+y)+C
25 NEXT y
26 n=n+A
27 GOTO 21
28 A$=INKEY$: IF A$="" THEN GOTO 28
29 PRINT CHR$(11)
30 DATA 255,2,191,1,255,3,191,1,248,1,255,9,253,2,239,1,255,4
31 DATA 253,1,239,1,255,16,181,1,255,3,250,1,255,6,191,1,248,1
32 DATA 175,1,255,3,235,1,239,1,255,4,253,1,239,1,255,15,181,1
33 DATA 255,3,239,1,255,5,250,1,167,1,254,1,171,1,253,1,255,3
34 DATA 181,1,255,5,253,1,255,15,254,1,255,3,253,1,255,4,250,2
35 DATA 255,3,253,1,255,3,234,1,255,6,181,1,255,13,191,1,255,5
36 DATA 181,1,255,3,190,1,235,1,255,1,253,1,245,1,254,1,255,3
37 DATA 234,1,255,7,239,1,255,12,181,1,255,5,253,1,255,3,254,1
38 DATA 239,1,255,1,250,1,245,1,235,1,255,3,234,1,255,2,167,1
39 DATA 235,1,255,3,245,1,255,12,254,1,255,8,245,1,229,1,175,1
40 DATA 167,1,252,1,188,1,175,1,250,1,255,2,234,1,255,1,254,1
41 DATA 183,1,191,1,255,4,239,1,255,10,191,1,255,6,191,1,255,2
42 DATA 247,1,175,1,250,1,252,2,246,1,255,4,245,1,254,1,183,2
43 DATA 234,1,255,4,234,1,255,10,250,1,255,6,250,1,255,15,248,1
44 DATA 255,22,183,1,255,1,248,1,250,1,255,11,175,1,255,8,245,1
45 DATA 255,14,191,1,255,2,240,1,175,1,255,11,253,1,251,1,255,8
46 DATA 239,1,255,12,191,1,255,1,191,1,252,1,254,1,253,1,239,2
47 DATA 255,9,247,1,255,9,253,1,255,12,181,1,255,1,245,1,255,3
48 DATA 250,1,181,1,255,8,175,1,254,1,255,10,245,1,255,12,239,1
49 DATA 253,2,252,1,175,1,252,1,255,7,175,1,254,1,255,1,167,1
50 DATA 255,11,171,1,255,11,253,1,244,1,255,8,175,1,252,1,191,1
51 DATA 255,2,183,1,255,13,171,1,255,12,253,1,244,1,175,1,255,1
52 DATA 175,2,234,1,255,1,243,1,253,1,175,1,252,1,255,3,235,1
53 DATA 255,12,244,1,255,18,175,1,252,1,255,6,253,1,239,1,255,6
54 DATA 175,1,252,1,254,1,255,2,252,2,239,1,255,16,191,1,227,1
55 DATA 255,8,239,1,255,1,191,1,175,1,252,1,255,9,171,1,255,13
56 DATA 191,1,241,1,255,1,250,1,255,23,239,1,255,12,250,1,255,1
57 DATA 191,1,255,24,245,1,255,11,191,1,255,1,191,1,254,1,255,35
58 DATA 167,1,255,31,191,1,175,5,252,1,255,31,252,1,255,39,999,999
59 DATA 0,3,1,4,7,11,14,1,1,6,0,18,1,3,7,8,8,1,7,4
60 DATA 14,1,1,6,0,17,1,3,7,6,8,2,7,1,8,2,7,3,14,1
61 DATA 1,6,0,15,1,5,7,4,8,1,7,8,1,8,0,14,1,6,7,7
62 DATA 8,1,7,4,1,8,0,14,1,6,7,3,8,1,7,8,1,9,0,12
63 DATA 1,7,7,3,8,1,7,2,0,3,7,3,1,2,7,3,1,4,0,12
64 DATA 1,7,7,3,15,1,7,11,8,1,1,5,0,11,1,7,7,16,1,7
65 DATA 0,10,1,7,7,1,8,1,7,14,1,8,0,9,1,6,7,2,14,1
66 DATA 7,13,1,9,0,9,1,5,7,1,14,1,1,3,14,1,7,11,1,10
67 DATA 0,8,1,5,7,1,14,1,1,3,14,2,7,9,8,1,1,11,0,7
68 DATA 1,5,7,2,14,3,7,9,8,3,1,11,0,7,1,7,7,9,8,5
69 DATA 7,1,1,12,0,6,1,9,7,4,8,5,7,4,1,14,0,4,1,13
70 DATA 8,2,7,8,1,8,7,6,0,3,1,13,8,1,7,10,1,4,7,10
71 DATA 0,2,1,13,8,2,7,24,0,1,1,12,7,1,8,2,7,25,1,12
72 DATA 7,1,8,1,7,26,1,11,7,29,1,8,7,72,999,999
73 DATA 0,2,1,4,14,2,7,9,14,1,1,1,14,1,1,4,0,1,15,1
74 DATA 0,16,1,5,7,6,8,1,7,1,8,1,7,4,14,1,1,4,0,1
75 DATA 15,1,0,15,1,5,7,7,8,1,7,5,1,6,0,17,1,3,7,6
76 DATA 8,1,7,3,8,1,7,4,1,6,0,14,15,1,1,5,7,4,8,2
77 DATA 7,1,8,1,7,1,8,1,7,4,1,8,0,12,1,6,7,5,8,1
78 DATA 7,1,8,3,7,4,1,2,7,2,1,3,0,14,1,6,7,2,8,1
79 DATA 7,1,15,2,8,1,15,1,7,1,0,1,7,3,1,2,8,1,1,5
80 DATA 15,1,0,10,1,7,7,3,8,2,15,1,8,1,15,1,8,1,7,4
81 DATA 1,2,8,1,7,2,1,5,0,11,1,7,7,16,1,6,0,10,1,6
82 DATA 7,3,8,1,7,11,1,1,7,1,1,7,0,10,1,5,7,3,8,1
83 DATA 14,1,7,11,1,1,7,1,1,9,0,8,1,4,7,2,1,1,14,3
84 DATA 1,1,14,1,7,9,1,10,15,1,0,8,1,4,7,2,1,5,7,9
85 DATA 8,1,7,1,1,10,0,8,1,6,14,1,1,2,7,1,14,1,7,7
86 DATA 8,1,7,1,8,1,7,1,1,12,0,6,1,5,7,10,8,1,7,2
87 DATA 8,2,7,2,1,13,0,5,1,7,7,2,1,1,7,1,1,1,8,1
88 DATA 7,1,8,1,7,3,8,1,7,4,1,12,15,1,0,4,1,13,8,1
89 DATA 7,1,8,1,7,6,1,1,7,1,1,6,7,1,1,2,7,2,1,1
90 DATA 0,1,7,1,0,2,1,13,8,3,7,9,1,1,7,2,1,1,7,10
91 DATA 0,1,1,12,7,2,8,2,7,24,1,13,8,1,7,25,0,1,1,11
92 DATA 7,3,8,1,7,25,1,10,7,30,1,2,7,6,1,1,7,31,1,1
93 DATA 7,39,999,999
