1 PRINT CHR$(11)
2 n=0
3 READ out,A
6 if out=999 then goto 12
7 FOR y=1 TO A
8 poke n+12327+y,out
9 NEXT y
10 n=n+A
11 GOTO 3
12 n=0
13 READ C,A
14 IF C=999 THEN GOTO 20
15 FOR y=1 TO A
16 POKE n+13351+y,C*16
17 NEXT y
18 n=n+A
19 GOTO 13
20 n=0
21 READ C,A
22 IF C=999 THEN GOTO 28
23 FOR y=1 TO A
24 POKE n+13351+y,PEEK(n+13351+y)+C
25 NEXT y
26 n=n+A
27 GOTO 21
28 A$=INKEY$: IF A$="" THEN GOTO 28
29 PRINT CHR$(11)
30 DATA 127,219,144,2,127,35,167,1,243,1,39,1,128,1,127,1,137,1
31 DATA 252,2,137,1,234,1,127,29,136,1,252,1,251,1,192,1,137,1
32 DATA 219,1,252,1,31,1,28,1,26,1,127,11,31,1,127,5,195,1
33 DATA 238,1,127,2,144,1,127,9,151,1,127,1,151,2,136,2,183,1
34 DATA 127,1,151,1,127,11,93,1,127,5,195,1,14,1,248,1,144,1
35 DATA 95,1,167,1,215,1,167,1,137,2,128,5,167,1,128,1,127,1
36 DATA 167,1,31,1,195,1,136,1,151,1,144,1,136,4,144,1,127,1
37 DATA 151,1,144,1,128,1,252,1,127,6,195,1,215,1,60,1,144,1
38 DATA 231,1,252,1,137,1,192,1,153,1,252,1,183,1,252,1,235,1
39 DATA 252,1,235,1,151,1,252,1,235,1,151,1,128,1,167,1,6,1
40 DATA 252,1,136,1,239,1,136,1,127,5,171,1,127,3,151,1,127,6
41 DATA 151,1,127,1,18,1,193,1,127,2,158,1,127,1,234,1,18,1
42 DATA 183,1,199,1,153,1,171,1,158,1,235,1,151,1,217,1,234,1
43 DATA 151,1,234,1,153,1,183,1,195,1,151,1,233,1,192,1,142,1
44 DATA 186,1,14,1,127,1,195,1,127,7,235,1,49,1,127,4,196,1
45 DATA 127,1,12,2,167,1,245,1,194,1,195,1,31,1,175,1,195,1
46 DATA 127,1,201,1,199,1,192,1,218,1,217,1,245,1,195,2,190,1
47 DATA 246,1,128,1,15,1,151,1,254,1,93,1,192,1,127,7,195,1
48 DATA 127,3,252,2,193,1,136,1,192,1,252,1,137,1,252,1,144,2
49 DATA 136,1,93,1,127,2,252,1,137,1,171,1,252,1,188,1,217,1
50 DATA 253,1,254,1,244,1,167,1,127,1,226,1,127,1,217,1,127,9
51 DATA 239,1,144,1,136,1,167,1,137,1,128,1,127,5,151,1,31,1
52 DATA 151,2,31,1,191,1,215,1,175,1,236,1,137,2,128,1,127,1
53 DATA 128,2,31,1,239,1,127,1,195,1,127,21,26,1,31,1,151,1
54 DATA 26,1,31,1,151,1,26,1,31,1,151,1,127,8,128,1,127,21
55 DATA 144,1,151,1,175,1,151,2,167,1,217,1,151,1,175,1,151,1
56 DATA 127,30,151,1,199,1,31,1,252,1,137,1,128,2,199,1,201,1
57 DATA 127,30,199,1,171,1,127,2,175,1,31,2,252,1,31,2,136,1
58 DATA 235,1,127,214,999,999
59 DATA 0,219,1,2,0,36,12,1,7,1,12,6,0,32,12,1,0,2,14,1
60 DATA 0,2,14,1,0,12,14,1,0,9,1,1,0,9,1,1,12,1,14,1
61 DATA 1,3,0,1,12,1,14,1,0,18,1,2,0,2,1,2,0,1,1,11
62 DATA 14,1,0,2,14,1,1,6,0,3,1,3,0,8,1,1,14,1,12,5
63 DATA 1,1,12,1,1,1,12,1,1,2,12,1,1,1,0,1,1,2,12,3
64 DATA 1,1,7,1,1,5,14,3,1,2,0,5,1,1,0,1,1,1,14,1
65 DATA 1,1,12,2,1,1,12,2,14,1,12,1,1,1,12,3,1,1,0,1
66 DATA 1,1,12,1,14,1,12,4,1,1,12,3,1,1,12,1,1,3,0,6
67 DATA 1,1,0,1,1,3,12,1,14,1,12,1,14,2,12,4,1,1,12,1
68 DATA 1,3,14,1,12,1,14,1,12,4,1,2,12,1,1,1,12,1,1,1
69 DATA 0,10,1,11,0,4,1,4,12,3,14,1,1,3,12,2,1,3,0,9
70 DATA 1,1,0,2,1,1,0,7,1,1,7,1,14,1,1,1,7,1,1,1
71 DATA 7,1,1,1,0,8,1,3,0,21,12,2,14,1,12,2,14,1,12,2
72 DATA 14,1,0,30,1,2,12,1,14,1,1,1,12,1,14,1,1,1,12,1
73 DATA 14,1,0,30,1,1,14,1,12,5,14,1,12,1,0,30,1,1,12,4
74 DATA 0,221,999,999
75 DATA 0,218,1,1,0,36,1,2,7,1,12,1,7,1,1,2,0,2,1,1
76 DATA 14,1,0,17,14,1,0,10,1,1,14,1,12,1,14,3,12,4,14,2
77 DATA 0,16,14,2,0,3,1,1,0,8,12,2,0,1,12,2,0,1,12,1
78 DATA 14,1,0,9,1,1,0,2,1,1,0,5,1,1,0,2,1,2,14,1
79 DATA 0,1,1,1,0,7,12,1,0,2,14,1,1,1,12,2,0,7,1,3
80 DATA 0,8,1,2,14,2,1,4,14,1,1,1,12,1,1,1,14,1,1,1
81 DATA 12,2,1,1,12,1,1,1,0,1,12,1,1,3,12,1,1,2,7,1
82 DATA 1,2,0,1,1,1,0,9,1,4,12,2,14,2,1,1,14,1,12,1
83 DATA 14,1,12,1,14,1,1,1,14,2,1,1,12,1,14,1,1,2,14,3
84 DATA 12,1,1,3,12,1,1,1,0,10,1,3,12,3,14,1,12,2,1,1
85 DATA 14,3,12,1,14,1,0,1,1,1,12,2,1,1,12,1,1,1,14,3
86 DATA 12,2,1,1,12,1,1,1,14,1,1,2,0,7,1,3,12,5,14,1
87 DATA 12,3,1,5,12,3,1,2,14,1,1,1,12,3,1,1,14,2,1,1
88 DATA 0,11,1,2,0,1,1,2,0,5,7,1,12,1,0,1,7,1,1,1
89 DATA 0,1,1,1,7,1,1,1,14,1,1,2,0,1,1,3,0,1,1,1
90 DATA 0,22,1,1,14,1,0,1,1,1,14,1,0,1,1,1,14,1,0,9
91 DATA 1,1,0,22,12,1,14,1,0,1,12,1,0,2,12,1,14,1,0,30
92 DATA 1,1,12,2,0,2,14,3,12,1,0,1,14,1,0,31,7,2,0,1
93 DATA 12,1,14,3,12,1,14,2,0,214,999,999
