1 PRINT CHR$(11)
2 n=0
3 READ out,A
6 if out=999 then goto 12
7 FOR y=1 TO A
8 poke n+12327+y,out
9 NEXT y
10 n=n+A
11 GOTO 3
12 n=0
13 READ C,A
14 IF C=999 THEN GOTO 20
15 FOR y=1 TO A
16 POKE n+13351+y,C*16
17 NEXT y
18 n=n+A
19 GOTO 13
20 n=0
21 READ C,A
22 IF C=999 THEN GOTO 28
23 FOR y=1 TO A
24 POKE n+13351+y,PEEK(n+13351+y)+C
25 NEXT y
26 n=n+A
27 GOTO 21
28 A$=INKEY$: IF A$="" THEN GOTO 28
29 PRINT CHR$(11)
30 DATA 39,1,38,1,127,1,120,1,46,1,127,1,39,1,132,1,149,1
31 DATA 92,1,132,1,127,1,44,1,120,1,39,1,46,2,127,2,44,1
32 DATA 4,1,46,1,127,1,4,1,47,1,4,1,47,1,127,1,4,1
33 DATA 127,1,92,1,40,1,58,1,120,1,134,1,148,1,216,1,148,1
34 DATA 118,1,134,1,47,1,202,1,40,1,202,1,96,1,94,1,4,1
35 DATA 47,1,46,1,92,1,33,1,52,1,47,1,127,6,144,2,132,1
36 DATA 127,3,4,3,40,1,4,2,44,1,208,1,59,1,134,1,202,1
37 DATA 47,1,145,1,134,1,133,1,149,1,120,1,39,1,41,2,58,1
38 DATA 40,1,106,1,148,1,59,1,40,1,127,3,215,1,31,1,163,1
39 DATA 137,2,4,1,128,1,137,2,171,1,31,1,175,1,127,1,39,1
40 DATA 40,1,127,1,46,1,94,1,4,1,38,1,39,1,38,1,121,1
41 DATA 148,1,60,1,127,1,44,1,40,1,41,1,120,1,39,1,40,2
42 DATA 127,2,44,1,127,2,31,1,167,1,128,1,60,1,34,1,127,1
43 DATA 148,1,4,1,46,1,58,2,134,1,127,1,120,1,171,1,31,1
44 DATA 127,1,47,1,41,1,127,1,148,1,60,1,5,1,149,1,132,1
45 DATA 134,1,127,3,148,1,46,2,52,1,40,2,127,3,191,1,167,1
46 DATA 33,1,127,1,126,1,34,2,127,2,134,1,89,1,40,1,86,1
47 DATA 60,1,4,1,101,1,126,1,39,1,171,1,239,1,127,1,133,1
48 DATA 44,1,88,1,40,1,133,1,218,1,127,3,45,1,127,1,218,1
49 DATA 47,1,41,1,94,1,127,1,96,1,127,1,248,1,217,1,4,1
50 DATA 46,1,127,1,4,1,72,1,58,1,127,2,58,1,44,1,58,1
51 DATA 45,1,208,1,62,1,39,1,37,1,144,1,106,1,13,1,235,1
52 DATA 127,1,94,1,4,1,60,1,77,1,92,1,127,3,149,1,127,1
53 DATA 44,1,38,1,33,1,218,1,127,2,192,1,217,1,127,2,34,1
54 DATA 4,2,86,1,33,1,39,1,46,1,38,1,218,1,92,1,175,1
55 DATA 31,2,252,1,137,1,128,1,192,1,136,1,186,1,201,1,92,1
56 DATA 60,1,208,1,133,1,127,2,46,1,118,1,127,1,111,1,47,1
57 DATA 41,1,127,1,94,1,127,1,183,1,217,1,60,1,33,1,4,1
58 DATA 39,1,127,1,94,1,46,1,47,1,94,1,240,1,167,1,252,1
59 DATA 128,1,247,1,179,1,31,1,136,1,31,1,190,1,192,1,39,1
60 DATA 199,2,127,1,218,1,88,1,63,1,46,1,127,1,62,1,35,1
61 DATA 127,1,60,1,47,2,39,1,127,2,254,1,60,1,45,1,55,1
62 DATA 41,1,134,1,40,1,39,1,215,1,29,1,215,1,183,1,47,1
63 DATA 39,1,127,5,46,1,92,1,39,1,129,1,62,1,235,1,193,1
64 DATA 149,1,75,1,41,1,127,1,218,1,148,1,195,1,127,1,60,1
65 DATA 39,1,92,1,127,2,195,1,151,1,134,1,4,1,46,1,39,1
66 DATA 127,1,208,1,215,2,225,1,192,1,126,1,127,2,47,1,127,1
67 DATA 39,1,4,1,44,1,38,1,39,1,118,1,120,1,134,1,114,1
68 DATA 42,1,41,1,63,1,127,2,38,1,44,1,145,1,127,1,41,1
69 DATA 62,1,133,1,129,1,127,1,234,1,60,1,4,1,202,1,46,1
70 DATA 127,1,86,1,192,1,127,1,215,1,192,1,58,1,127,2,132,1
71 DATA 60,1,94,1,44,1,137,1,242,1,171,1,95,1,98,1,1,1
72 DATA 89,1,40,1,151,1,152,1,40,1,127,1,39,1,50,1,127,1
73 DATA 145,1,127,1,94,1,40,1,96,1,106,1,127,1,129,1,47,1
74 DATA 34,1,133,1,148,1,215,1,167,1,174,1,252,1,45,1,127,1
75 DATA 46,1,58,1,132,1,92,1,46,1,197,1,132,1,49,1,41,1
76 DATA 199,2,4,1,3,1,95,1,126,1,153,2,94,1,127,1,81,1
77 DATA 98,1,96,1,127,2,44,1,47,1,94,1,127,2,149,1,41,1
78 DATA 208,1,191,1,167,1,254,1,39,2,127,5,58,1,46,1,92,1
79 DATA 63,1,218,1,120,1,92,1,58,1,245,1,193,1,127,1,132,1
80 DATA 39,1,195,1,127,1,46,1,33,1,134,1,127,2,39,1,127,1
81 DATA 132,1,96,1,127,1,96,1,127,1,149,1,34,1,192,1,217,1
82 DATA 39,1,127,4,144,1,136,1,175,2,201,1,127,1,40,1,114,1
83 DATA 46,1,92,1,83,1,41,1,127,1,145,1,127,3,195,1,40,1
84 DATA 127,1,148,1,58,1,127,1,46,1,45,1,218,1,149,1,58,1
85 DATA 94,1,127,2,195,1,183,1,40,1,127,1,46,1,127,2,215,1
86 DATA 252,1,163,1,39,1,47,1,123,1,253,1,193,1,127,2,60,1
87 DATA 218,1,208,1,46,2,145,1,129,1,127,2,234,1,195,1,92,1
88 DATA 134,1,127,3,47,1,76,1,107,1,46,2,127,2,152,1,163,1
89 DATA 235,1,127,1,46,1,127,1,31,1,217,1,44,1,34,1,4,1
90 DATA 44,1,47,1,208,1,234,1,129,1,127,2,41,1,127,2,203,1
91 DATA 145,1,144,1,47,1,127,1,254,1,219,1,134,1,127,2,46,1
92 DATA 127,4,46,1,202,1,127,2,153,1,75,1,193,1,46,1,127,1
93 DATA 192,1,128,1,145,1,40,1,39,1,94,1,62,1,92,1,202,1
94 DATA 203,1,89,1,127,4,215,1,29,1,89,1,107,1,171,1,149,1
95 DATA 42,1,129,1,34,1,39,1,40,1,46,1,127,2,46,1,133,1
96 DATA 86,1,89,1,127,2,145,1,203,1,199,1,148,1,120,1,133,1
97 DATA 58,1,44,1,58,1,46,1,96,1,127,1,44,1,202,1,152,1
98 DATA 208,1,121,1,58,1,191,1,128,1,217,1,60,1,38,1,216,1
99 DATA 40,1,253,1,152,1,149,1,46,1,127,6,105,1,127,3,36,1
100 DATA 127,1,144,1,150,1,4,1,193,1,149,1,152,1,58,1,44,1
101 DATA 133,1,46,1,106,1,202,1,41,1,153,1,46,1,132,1,39,1
102 DATA 254,1,62,1,41,1,39,1,106,1,92,1,60,1,148,1,46,1
103 DATA 14,1,46,1,127,4,46,1,127,2,47,1,132,1,58,1,44,2
104 DATA 118,1,253,1,46,1,62,1,171,1,107,1,201,1,127,1,46,1
105 DATA 127,2,63,1,215,1,92,1,58,1,192,1,118,1,62,1,218,1
106 DATA 202,1,58,1,60,1,59,1,44,1,254,1,152,1,62,1,127,3
107 DATA 92,1,127,1,4,1,44,1,127,1,148,1,110,1,127,1,39,2
108 DATA 149,1,118,1,199,1,38,1,58,1,127,1,137,1,144,1,127,1
109 DATA 58,1,136,1,167,1,128,1,34,1,127,1,193,1,31,1,219,1
110 DATA 133,1,33,1,38,1,46,1,39,1,120,1,127,1,152,1,127,2
111 DATA 58,1,127,5,149,1,218,2,46,1,62,1,58,1,39,1,146,1
112 DATA 134,1,46,1,201,1,39,1,94,1,33,1,171,1,61,1,96,1
113 DATA 209,1,39,1,44,1,56,1,215,1,191,1,74,1,133,1,41,1
114 DATA 46,1,167,1,35,1,60,2,148,1,39,1,127,1,39,1,46,1
115 DATA 58,1,127,4,49,1,127,1,60,1,34,1,46,1,127,1,92,1
116 DATA 148,1,38,1,107,1,194,1,239,1,41,1,39,1,170,1,31,2
117 DATA 136,1,240,1,248,1,217,1,60,1,96,1,133,1,215,1,128,1
118 DATA 133,1,127,1,55,1,40,1,41,1,127,1,96,1,127,2,96,1
119 DATA 127,1,145,1,133,1,127,1,4,1,54,1,127,1,92,1,127,2
120 DATA 60,1,46,1,202,1,109,1,150,1,111,1,137,1,240,1,136,1
121 DATA 44,1,46,1,39,1,120,1,62,1,89,1,136,1,31,1,46,1
122 DATA 109,1,134,1,202,1,134,1,89,1,149,1,40,1,127,1,39,1
123 DATA 127,1,96,1,127,2,94,1,999,999
124 DATA 0,2,15,1,0,2,15,1,0,5,15,1,0,5,15,2,11,3,15,1
125 DATA 11,4,15,1,11,1,15,1,11,10,0,13,15,6,14,3,15,3,11,9
126 DATA 15,1,11,2,15,3,0,11,15,3,14,3,1,2,3,1,1,3,14,2
127 DATA 15,2,11,2,15,1,11,8,15,1,11,1,0,7,15,2,0,1,15,2
128 DATA 14,2,1,1,3,2,1,1,3,5,1,2,3,1,14,2,15,1,11,2
129 DATA 15,1,11,4,15,2,11,2,15,1,0,6,15,4,14,1,3,1,1,1
130 DATA 3,3,1,3,3,8,14,1,15,2,11,5,15,1,11,3,0,1,15,1
131 DATA 0,4,15,1,0,1,15,1,14,3,3,1,1,1,3,3,1,2,3,8
132 DATA 14,1,3,1,1,1,15,2,11,4,15,1,11,3,0,1,15,1,0,4
133 DATA 15,2,14,2,1,2,3,10,1,1,14,1,15,4,14,1,15,1,14,2
134 DATA 11,3,15,1,11,2,9,1,4,1,15,1,0,3,15,1,0,1,15,2
135 DATA 14,2,3,1,14,1,3,1,1,1,3,4,14,2,15,4,14,4,15,1
136 DATA 0,1,14,1,15,2,11,2,15,2,11,1,4,2,15,1,0,4,15,2
137 DATA 14,3,3,1,14,1,1,1,3,2,14,1,1,2,14,1,0,2,15,5
138 DATA 0,5,14,2,11,1,15,2,11,1,4,1,11,1,4,1,15,1,0,3
139 DATA 15,3,14,3,3,1,14,1,1,1,3,1,14,1,1,1,14,1,15,1
140 DATA 0,1,15,2,0,1,15,1,0,7,15,1,0,1,1,1,11,1,15,1
141 DATA 11,2,4,1,11,1,4,1,15,1,0,4,15,1,14,3,3,1,14,1
142 DATA 1,1,14,4,15,1,0,1,15,2,0,4,15,3,0,5,15,1,14,1
143 DATA 15,1,11,1,4,1,11,1,4,2,15,1,0,4,15,2,14,1,3,1
144 DATA 14,5,15,1,0,1,15,1,0,5,15,1,0,3,14,1,15,1,0,4
145 DATA 15,1,14,1,15,1,11,1,4,1,11,2,4,1,15,1,0,3,15,2
146 DATA 1,1,14,2,1,1,14,1,15,1,0,2,15,5,0,8,15,1,14,1
147 DATA 15,1,0,2,15,1,14,1,9,1,4,4,9,1,15,1,0,2,15,1
148 DATA 0,1,15,1,1,1,14,3,0,1,15,4,14,2,15,2,14,1,15,1
149 DATA 0,6,15,1,14,1,15,4,1,1,11,3,4,1,9,2,0,4,15,2
150 DATA 14,2,0,1,15,1,0,1,15,2,14,3,3,3,1,1,14,1,15,2
151 DATA 0,5,14,2,15,2,14,2,9,1,4,4,9,1,0,4,15,3,14,1
152 DATA 15,2,0,1,15,1,14,2,3,1,14,1,3,4,14,2,15,2,0,1
153 DATA 15,2,14,3,0,1,15,1,14,2,11,1,4,2,9,1,4,2,15,2
154 DATA 0,2,15,3,14,2,0,1,15,1,14,1,1,2,3,6,14,2,15,4
155 DATA 14,2,3,2,14,1,15,1,1,1,14,1,11,2,9,2,4,2,0,4
156 DATA 15,3,1,1,14,1,15,1,0,1,15,1,14,3,3,1,14,1,1,1
157 DATA 3,2,1,1,0,3,15,1,14,2,3,4,1,2,4,1,11,1,4,5
158 DATA 15,1,0,1,15,3,0,1,15,2,1,1,14,4,3,1,14,1,3,2
159 DATA 14,1,3,1,14,4,15,1,1,1,3,6,12,1,8,1,4,1,11,1
160 DATA 4,4,9,1,15,2,0,5,15,1,14,4,15,1,14,1,1,1,3,1
161 DATA 1,2,3,1,15,1,14,2,1,1,3,8,10,2,11,1,4,3,9,1
162 DATA 4,1,9,1,0,1,15,1,0,2,15,1,0,2,14,1,15,1,1,1
163 DATA 14,2,1,2,14,1,1,1,3,1,14,2,15,1,0,1,15,1,14,3
164 DATA 3,5,14,1,10,2,4,2,9,1,4,4,15,1,0,6,14,1,15,1
165 DATA 14,1,15,1,14,5,15,1,14,1,0,4,14,2,3,4,1,1,14,2
166 DATA 8,1,11,1,9,1,4,1,9,3,4,2,15,2,0,1,15,1,0,3
167 DATA 15,1,14,2,15,2,1,2,14,9,3,3,14,3,10,1,11,3,4,1
168 DATA 9,1,4,2,9,1,4,2,0,1,15,1,0,2,15,1,0,1,15,2
169 DATA 14,3,15,1,14,1,15,1,14,4,3,5,14,2,11,1,10,2,14,1
170 DATA 10,1,11,1,9,1,11,1,4,1,9,1,4,1,9,1,4,2,9,1
171 DATA 999,999
172 DATA 15,2,0,1,15,2,0,1,15,5,0,1,15,5,11,2,15,3,11,1
173 DATA 15,4,11,1,15,1,11,1,15,23,0,2,11,3,14,1,15,3,11,3
174 DATA 15,9,11,1,15,2,11,3,15,11,0,1,11,1,14,1,15,2,1,1
175 DATA 14,2,1,1,14,3,1,1,15,1,14,1,11,1,15,2,11,1,15,8
176 DATA 11,1,15,8,0,2,15,1,11,1,14,1,15,1,1,1,14,1,1,2
177 DATA 3,1,1,5,3,2,1,2,15,1,11,1,15,2,11,1,15,4,11,2
178 DATA 15,1,9,1,0,1,15,6,0,2,11,1,14,1,1,2,14,1,1,3
179 DATA 3,3,1,9,14,1,11,1,15,5,11,1,15,1,9,2,15,1,0,1
180 DATA 15,4,0,1,15,1,0,1,15,1,1,3,3,1,1,3,3,2,1,10
181 DATA 14,2,11,1,15,4,11,1,15,1,9,2,15,1,0,1,15,4,0,2
182 DATA 15,1,1,1,14,2,1,10,14,1,1,1,14,4,15,1,14,1,1,1
183 DATA 15,4,11,1,15,1,9,1,11,2,0,1,15,3,0,1,15,1,0,1
184 DATA 14,1,1,5,3,1,1,5,15,1,14,4,15,4,14,1,15,2,14,1
185 DATA 11,1,15,2,11,2,9,1,11,2,0,1,15,4,0,1,14,1,15,1
186 DATA 1,4,3,1,1,3,14,2,15,3,0,5,15,8,11,2,9,1,11,1
187 DATA 4,1,11,1,0,1,15,3,0,2,14,1,1,5,14,1,1,2,14,1
188 DATA 1,1,14,1,15,1,0,2,15,1,0,1,15,7,0,1,15,1,14,1
189 DATA 15,1,11,1,15,1,9,1,11,1,4,1,11,1,0,1,15,4,0,1
190 DATA 15,1,1,4,14,1,1,2,15,1,1,1,14,1,15,1,0,2,15,4
191 DATA 14,3,15,5,14,1,15,1,11,1,9,1,11,1,4,1,11,2,0,1
192 DATA 15,4,0,1,14,1,1,5,15,2,14,1,15,1,0,1,15,5,0,1
193 DATA 15,4,14,1,15,4,14,1,11,2,9,1,11,1,4,2,9,1,0,1
194 DATA 15,3,0,1,14,2,1,2,14,1,15,1,14,1,15,3,0,4,15,8
195 DATA 14,1,15,1,0,1,15,2,14,1,1,1,11,4,9,1,4,1,0,1
196 DATA 15,2,0,1,15,1,14,2,1,2,15,2,0,4,15,2,14,2,15,1
197 DATA 0,1,15,6,0,1,15,1,0,3,14,2,9,1,4,2,9,1,4,2
198 DATA 15,4,0,1,14,1,1,1,15,2,0,1,15,1,0,2,15,2,1,4
199 DATA 14,1,15,1,0,2,15,7,0,2,15,1,11,4,9,2,4,1,15,4
200 DATA 0,2,14,1,1,1,14,1,0,1,15,1,0,1,15,1,1,8,15,1
201 DATA 0,2,15,1,0,2,15,4,0,1,15,1,11,1,4,1,11,2,4,1
202 DATA 9,2,0,2,15,2,0,1,15,1,14,1,1,1,15,2,0,1,15,1
203 DATA 14,2,1,7,15,1,0,3,14,1,15,1,1,4,14,2,11,1,4,4
204 DATA 9,2,15,4,0,2,14,2,1,1,14,1,15,1,14,1,1,5,3,1
205 DATA 1,2,14,1,15,3,14,1,15,1,1,5,14,2,11,1,4,1,9,5
206 DATA 0,1,15,1,0,1,15,1,0,1,15,1,0,1,14,2,1,1,15,2
207 DATA 1,8,15,3,14,2,1,7,10,1,11,1,4,1,9,4,4,1,0,2
208 DATA 15,5,14,1,1,4,14,1,1,1,14,1,1,1,14,1,3,1,1,1
209 DATA 14,1,15,2,14,1,1,8,14,1,11,1,4,1,9,3,4,1,9,1
210 DATA 4,1,15,1,0,1,15,2,0,1,15,3,14,2,1,2,14,2,1,1
211 DATA 14,1,1,2,15,1,14,1,15,1,14,1,1,8,10,1,8,1,11,2
212 DATA 9,1,4,1,9,4,0,1,15,7,14,1,15,1,14,1,1,5,14,1
213 DATA 15,6,1,5,14,1,10,3,4,2,9,1,4,3,9,2,0,2,15,1
214 DATA 0,1,15,3,11,1,15,2,14,4,1,3,15,5,1,6,10,1,14,1
215 DATA 10,2,4,1,9,1,4,1,9,2,4,1,9,1,11,1,15,1,0,1
216 DATA 15,2,0,1,15,1,0,2,15,3,14,1,15,1,14,1,1,11,14,3
217 DATA 10,1,11,1,10,2,4,1,9,1,4,1,9,1,4,1,9,2,4,1
218 DATA 999,999
