1 PRINT CHR$(11)
2 n=0
3 READ out,A
6 if out=999 then goto 12
7 FOR y=1 TO A
8 poke n+12327+y,out
9 NEXT y
10 n=n+A
11 GOTO 3
12 n=0
13 READ C,A
14 IF C=999 THEN GOTO 20
15 FOR y=1 TO A
16 POKE n+13351+y,C*16
17 NEXT y
18 n=n+A
19 GOTO 13
20 n=0
21 READ C,A
22 IF C=999 THEN GOTO 28
23 FOR y=1 TO A
24 POKE n+13351+y,PEEK(n+13351+y)+C
25 NEXT y
26 n=n+A
27 GOTO 21
28 A$=INKEY$: IF A$="" THEN GOTO 28
29 PRINT CHR$(11)
30 DATA 127,120,136,10,215,1,136,14,127,5,136,10,134,10,151,1,89,3
31 DATA 127,1,136,1,87,1,4,1,133,1,4,5,47,1,129,1,127,3
32 DATA 145,1,134,2,65,1,132,2,148,1,134,6,132,1,104,1,85,1
33 DATA 132,2,134,1,65,1,52,1,129,1,33,1,58,1,192,1,31,2
34 DATA 175,1,127,1,142,1,127,2,245,1,31,1,175,1,192,1,127,4
35 DATA 145,1,134,1,132,1,78,1,148,1,132,1,134,1,132,3,134,3
36 DATA 132,1,148,2,77,1,85,1,132,1,134,2,129,1,127,1,232,1
37 DATA 239,1,243,1,163,1,171,2,137,4,175,1,248,1,137,1,45,1
38 DATA 127,3,145,1,134,2,132,1,65,1,132,1,50,1,134,1,120,1
39 DATA 77,1,132,1,134,6,51,1,134,2,38,1,58,1,119,1,234,1
40 DATA 39,1,193,1,253,1,235,1,4,1,46,1,193,1,127,1,153,1
41 DATA 44,1,153,1,127,2,138,1,152,1,151,1,127,1,134,1,132,4
42 DATA 148,2,132,1,148,1,134,3,148,1,132,1,134,1,148,2,134,3
43 DATA 106,1,152,1,153,1,34,1,212,1,28,1,127,1,137,1,252,1
44 DATA 245,1,159,1,253,1,128,1,144,1,191,1,212,1,119,1,152,2
45 DATA 127,1,134,2,38,2,132,2,134,1,88,1,148,1,132,1,134,7
46 DATA 132,1,148,1,132,1,151,1,18,1,199,1,151,1,46,1,169,1
47 DATA 231,1,199,1,192,1,31,1,171,2,217,1,187,1,166,1,252,1
48 DATA 145,1,217,1,214,1,145,1,132,2,35,1,118,1,134,1,132,4
49 DATA 134,5,132,1,88,1,77,1,88,1,86,1,134,1,234,1,199,1
50 DATA 151,1,199,1,44,1,127,1,33,1,46,1,175,1,127,1,250,1
51 DATA 21,1,127,3,167,1,192,1,153,1,214,1,153,1,134,1,77,1
52 DATA 134,4,2,1,134,1,118,1,132,1,134,5,104,1,111,1,134,1
53 DATA 118,1,134,1,0,1,44,1,153,1,163,1,187,1,243,1,39,1
54 DATA 243,1,59,1,137,1,180,1,201,1,248,1,252,1,31,1,252,1
55 DATA 227,1,233,1,214,1,152,1,88,1,134,4,89,1,134,1,148,2
56 DATA 134,7,209,1,38,1,134,3,4,1,46,1,126,1,128,1,127,1
57 DATA 4,1,137,1,106,1,148,1,177,1,27,1,33,1,31,1,252,1
58 DATA 192,1,34,1,217,1,114,1,3,1,56,1,35,1,134,2,148,1
59 DATA 87,1,209,1,132,1,86,1,88,1,134,1,3,1,134,1,39,1
60 DATA 211,1,148,6,136,3,175,1,136,6,135,1,136,1,193,1,175,1
61 DATA 217,1,192,1,127,1,143,1,86,2,2,1,89,3,34,2,3,1
62 DATA 35,1,38,1,127,124,175,2,127,2,144,1,175,1,191,1,127,3
63 DATA 144,2,127,1,239,1,127,1,144,1,127,3,144,2,127,1,144,5
64 DATA 215,1,201,1,239,1,127,10,128,1,152,1,127,1,245,1,86,1
65 DATA 9,1,245,1,145,1,129,1,127,1,136,1,194,1,143,1,250,1
66 DATA 145,1,84,1,136,1,151,1,145,1,129,1,248,1,92,1,244,1
67 DATA 143,1,93,1,128,1,31,1,21,1,127,208,999,999
68 DATA 0,120,4,10,8,6,4,9,0,5,4,10,11,10,4,4,8,1,4,1
69 DATA 8,9,15,1,0,4,11,5,4,5,11,3,4,4,11,2,4,2,10,1
70 DATA 4,2,0,2,4,2,8,1,4,5,0,6,4,3,11,1,4,6,11,3
71 DATA 4,8,8,1,0,11,14,3,0,4,11,4,4,2,11,1,4,1,11,8
72 DATA 4,3,11,1,4,2,14,1,1,1,14,1,0,1,8,1,7,2,8,1
73 DATA 14,2,7,1,8,1,0,2,15,3,0,1,4,5,11,2,4,1,11,5
74 DATA 4,7,6,1,8,1,0,1,1,1,0,1,8,1,0,4,14,1,0,2
75 DATA 8,1,0,2,15,1,14,1,15,1,0,1,11,2,4,2,11,4,4,1
76 DATA 11,9,4,1,11,1,4,1,11,1,14,2,7,2,8,1,0,1,14,1
77 DATA 8,1,0,3,8,1,7,1,8,1,14,1,15,1,4,1,0,1,4,9
78 DATA 11,8,4,1,11,2,8,1,4,1,8,2,7,1,8,1,7,2,14,1
79 DATA 8,1,14,1,15,1,14,3,8,1,0,2,4,1,0,1,11,2,4,4
80 DATA 11,2,4,2,11,7,4,1,11,1,4,2,10,1,8,1,0,2,8,1
81 DATA 7,1,8,1,0,1,8,2,15,1,4,1,8,1,4,2,0,2,4,1
82 DATA 0,1,4,5,11,1,4,4,11,7,4,1,11,3,10,1,4,1,6,1
83 DATA 8,2,6,1,8,1,10,2,8,1,0,1,8,3,4,1,0,1,11,2
84 DATA 4,3,11,2,4,3,11,1,4,2,11,1,4,1,11,1,4,8,0,1
85 DATA 4,2,8,1,6,1,0,2,10,2,4,1,8,1,15,1,4,1,8,2
86 DATA 0,3,4,11,0,128,15,1,0,5,11,1,15,1,0,3,11,1,0,3
87 DATA 15,2,0,1,15,6,8,1,0,15,7,2,0,2,7,1,0,2,7,1
88 DATA 0,3,7,1,0,1,7,1,0,1,7,1,0,1,8,1,0,2,7,1
89 DATA 8,1,0,210,999,999
90 DATA 0,145,15,1,0,3,4,1,0,10,4,10,8,4,4,1,8,1,4,9
91 DATA 0,4,4,6,11,5,4,3,11,4,4,2,11,1,8,4,4,2,0,1
92 DATA 8,1,4,1,10,2,8,2,0,1,4,1,0,4,4,1,11,3,4,1
93 DATA 11,6,4,3,11,7,8,1,4,1,15,1,14,2,8,2,15,1,4,4
94 DATA 15,1,0,3,14,1,15,1,0,1,4,5,11,2,4,1,11,1,4,8
95 DATA 11,3,4,1,8,2,0,1,14,1,0,1,15,1,0,1,8,2,14,1
96 DATA 1,1,8,2,0,1,14,3,0,2,4,1,11,5,4,2,11,1,4,5
97 DATA 11,7,8,1,6,1,14,3,0,1,8,2,14,1,8,1,0,1,14,1
98 DATA 8,1,0,1,8,1,14,2,0,3,4,2,11,2,4,4,11,1,4,9
99 DATA 11,1,4,1,8,2,0,1,8,3,7,1,15,1,0,1,14,3,15,1
100 DATA 7,1,8,1,14,1,15,1,0,2,4,1,11,9,4,8,11,1,4,3
101 DATA 8,1,0,2,8,1,7,1,8,3,7,1,8,1,14,1,1,3,14,2
102 DATA 4,1,0,1,11,1,4,2,11,4,4,2,11,2,4,7,11,1,4,1
103 DATA 11,2,8,1,10,1,4,1,8,1,15,1,8,1,15,1,8,1,0,1
104 DATA 4,1,0,1,14,3,0,1,4,2,0,1,4,1,11,5,4,1,11,4
105 DATA 4,7,11,1,4,3,8,3,10,1,4,1,8,1,4,1,8,2,4,4
106 DATA 10,1,8,1,4,1,0,2,11,3,4,2,11,3,4,1,11,2,4,1
107 DATA 11,1,4,1,11,8,8,3,4,1,8,6,4,2,8,1,0,1,4,2
108 DATA 11,1,15,1,11,11,0,124,8,3,15,1,0,1,15,1,7,1,15,1
109 DATA 8,1,0,3,7,1,15,2,0,1,15,2,11,1,0,2,15,1,0,7
110 DATA 8,1,0,10,15,2,8,2,0,2,7,1,15,1,0,1,15,1,7,1
111 DATA 0,1,7,1,15,1,8,1,0,1,15,1,0,1,7,1,0,1,7,1
112 DATA 0,1,7,1,8,1,0,1,7,2,15,2,8,1,0,206,999,999
