1 PRINT CHR$(11)
2 n=0
3 READ out,A
6 if out=999 then goto 12
7 FOR y=1 TO A
8 poke n+12327+y,out
9 NEXT y
10 n=n+A
11 GOTO 3
12 n=0
13 READ C,A
14 IF C=999 THEN GOTO 20
15 FOR y=1 TO A
16 POKE n+13351+y,C*16
17 NEXT y
18 n=n+A
19 GOTO 13
20 n=0
21 READ C,A
22 IF C=999 THEN GOTO 28
23 FOR y=1 TO A
24 POKE n+13351+y,PEEK(n+13351+y)+C
25 NEXT y
26 n=n+A
27 GOTO 21
28 A$=INKEY$: IF A$="" THEN GOTO 28
29 PRINT CHR$(11)
30 DATA 136,30,127,9,136,1,127,1,151,1,127,10,195,1,127,16,195,1
31 DATA 127,8,199,1,127,1,145,1,127,8,144,1,136,1,167,1,127,12
32 DATA 144,3,127,2,195,1,127,9,129,1,145,1,127,6,31,1,137,1
33 DATA 136,3,144,2,242,1,251,1,29,1,153,1,127,5,217,1,136,2
34 DATA 137,1,144,1,167,1,127,10,129,1,145,1,127,4,215,1,31,1
35 DATA 137,1,127,6,137,1,31,1,194,1,217,1,127,5,215,1,31,1
36 DATA 137,2,127,12,129,1,145,1,127,3,195,1,45,1,136,1,127,1
37 DATA 137,1,31,1,183,1,137,2,31,1,136,2,127,8,136,1,144,1
38 DATA 137,1,127,2,215,1,31,1,137,1,96,1,46,1,127,5,129,1
39 DATA 145,1,127,3,151,1,195,1,127,2,193,1,127,2,199,1,239,1
40 DATA 127,3,137,1,244,1,137,6,127,2,253,1,127,1,192,1,127,2
41 DATA 167,1,25,1,40,1,127,1,13,1,127,3,129,1,203,1,127,3
42 DATA 0,1,234,1,127,2,136,1,173,1,127,3,171,1,127,3,192,1
43 DATA 106,1,152,1,191,1,201,1,253,1,239,1,127,2,192,1,127,2
44 DATA 215,1,10,1,235,1,92,1,103,1,234,1,18,1,127,3,152,1
45 DATA 203,1,127,2,152,1,151,1,234,1,127,2,236,1,128,1,215,1
46 DATA 127,3,128,1,252,1,240,1,244,1,180,1,150,1,245,1,217,1
47 DATA 128,1,175,1,253,1,128,1,127,3,239,1,128,1,227,1,10,1
48 DATA 103,1,40,1,153,1,127,3,152,1,195,1,127,2,143,1,151,1
49 DATA 234,1,127,1,248,1,175,1,245,1,192,1,235,1,171,1,135,1
50 DATA 46,1,127,2,215,1,239,1,194,1,253,1,254,1,127,3,46,1
51 DATA 143,1,136,1,15,1,193,1,217,1,144,1,198,1,111,1,201,1
52 DATA 199,1,214,1,127,2,152,1,145,1,127,2,153,2,199,1,145,1
53 DATA 127,2,199,1,242,1,171,1,228,1,142,1,127,1,136,1,167,1
54 DATA 151,1,15,1,31,1,201,2,193,1,171,1,136,1,28,1,158,1
55 DATA 31,1,167,1,241,1,217,1,127,1,129,1,111,1,127,1,130,1
56 DATA 18,1,127,2,129,1,127,1,151,1,127,1,214,1,18,1,127,1
57 DATA 199,1,234,1,127,5,45,1,137,1,136,1,144,1,127,1,217,1
58 DATA 127,1,145,1,39,1,183,1,127,1,45,1,137,4,235,1,127,1
59 DATA 167,1,44,1,217,1,145,1,153,1,18,1,127,1,195,1,127,2
60 DATA 234,1,127,1,217,1,18,1,201,1,127,1,199,1,31,1,127,8
61 DATA 192,1,136,1,31,2,217,1,153,1,193,1,127,6,137,1,31,1
62 DATA 96,1,127,1,183,1,151,1,18,1,127,1,153,1,127,2,145,1
63 DATA 127,3,153,1,193,1,137,1,175,1,239,1,137,1,171,1,175,1
64 DATA 144,2,175,1,252,1,137,4,31,1,158,1,127,1,137,1,31,1
65 DATA 137,1,240,1,137,2,31,1,137,2,127,1,217,1,127,1,18,1
66 DATA 127,1,217,1,127,2,199,1,129,1,127,3,250,1,253,1,246,1
67 DATA 193,1,127,1,128,4,231,1,249,1,127,3,243,1,229,1,142,1
68 DATA 127,1,129,1,127,1,144,1,175,1,254,1,175,1,145,1,127,1
69 DATA 217,3,127,1,152,1,127,5,152,1,127,3,39,1,127,13,245,1
70 DATA 246,1,171,1,167,1,247,1,175,1,248,1,137,2,127,1,250,1
71 DATA 241,1,128,1,192,1,127,1,195,1,127,1,183,1,127,4,152,1
72 DATA 127,18,151,1,44,1,127,1,183,1,127,1,31,1,127,2,253,1
73 DATA 215,1,127,1,215,1,127,2,152,1,127,1,153,1,127,2,252,3
74 DATA 31,22,29,1,27,1,31,5,217,1,127,2,217,1,127,1,252,3
75 DATA 127,86,34,1,89,1,111,1,117,1,114,1,127,1,100,1,97,1
76 DATA 121,1,127,1,104,1,97,1,115,1,127,1,99,1,111,1,109,1
77 DATA 101,1,44,1,127,1,74,1,97,1,113,1,117,1,105,1,111,1
78 DATA 33,1,34,1,127,126,999,999
79 DATA 11,1,4,12,11,17,0,9,11,2,4,1,6,11,4,17,0,8,11,3
80 DATA 6,8,4,2,6,1,4,12,6,3,4,3,0,10,11,1,6,6,4,2
81 DATA 0,4,15,1,4,3,6,1,4,9,15,1,4,1,0,11,11,1,6,4
82 DATA 4,1,0,10,6,2,4,5,0,17,11,1,6,4,4,1,14,1,0,3
83 DATA 1,1,8,4,14,1,0,8,14,1,8,1,1,3,0,3,1,2,0,6
84 DATA 11,1,6,4,0,1,1,3,0,2,8,7,1,5,8,4,1,1,0,4
85 DATA 1,1,15,1,0,1,11,1,0,4,6,5,1,3,0,1,1,1,0,3
86 DATA 8,4,1,2,8,1,1,1,8,1,1,1,8,3,0,3,1,3,15,2
87 DATA 0,1,4,1,0,4,6,4,9,1,1,3,0,2,8,1,0,8,8,1
88 DATA 1,1,8,1,0,1,1,1,0,7,1,1,15,2,1,1,0,5,11,1
89 DATA 6,2,4,1,6,1,1,2,8,1,1,1,0,1,7,1,0,2,8,1
90 DATA 7,1,0,2,1,1,0,1,1,1,0,5,7,1,8,2,0,1,7,1
91 DATA 8,1,14,1,15,2,1,1,4,2,0,3,11,1,6,2,0,1,6,1
92 DATA 1,2,8,2,14,1,8,1,7,4,8,1,0,2,8,3,1,2,0,1
93 DATA 8,2,7,3,8,1,14,1,8,2,0,2,4,2,0,3,11,2,6,3
94 DATA 0,1,1,1,8,6,15,1,8,2,14,1,1,2,8,2,15,1,1,2
95 DATA 15,1,1,4,8,3,15,1,1,1,0,1,4,2,0,2,11,2,6,2
96 DATA 4,2,6,1,0,1,14,1,0,1,8,9,0,3,8,1,1,1,0,1
97 DATA 1,7,0,1,14,1,0,2,4,2,0,2,11,3,6,4,4,2,0,3
98 DATA 8,2,0,2,8,1,6,5,4,1,0,3,4,1,0,1,6,1,0,2
99 DATA 4,3,0,3,4,1,0,2,11,2,4,2,6,6,4,1,6,11,4,2
100 DATA 0,2,4,2,6,1,4,2,6,1,4,2,0,1,4,1,0,1,4,1
101 DATA 0,1,11,5,6,3,4,1,6,14,4,2,0,1,4,2,6,4,4,3
102 DATA 0,5,11,5,6,19,4,5,6,3,4,2,0,6,11,2,0,25,4,2
103 DATA 0,5,4,1,0,2,4,1,0,90,7,5,0,1,7,3,0,1,7,3
104 DATA 0,1,7,5,0,1,7,8,0,126,999,999
105 DATA 0,38,11,1,0,1,6,12,4,17,0,11,6,8,4,1,6,2,4,1
106 DATA 6,1,4,10,6,1,4,5,0,10,11,1,6,6,4,1,6,2,4,5
107 DATA 11,2,6,1,4,5,6,5,4,1,0,1,4,1,0,9,11,1,6,6
108 DATA 4,2,0,5,11,1,4,13,0,7,15,1,0,4,11,1,6,4,4,1
109 DATA 0,2,1,3,8,1,1,2,0,3,15,1,0,6,14,1,0,4,14,1
110 DATA 1,3,0,2,4,1,11,1,0,3,11,1,6,4,11,1,1,1,15,1
111 DATA 0,2,1,1,0,2,14,1,8,3,1,2,0,5,1,1,8,2,1,1
112 DATA 0,1,1,1,0,1,1,2,15,1,1,2,0,4,11,2,6,2,4,1
113 DATA 0,2,1,3,15,1,1,1,0,1,8,1,0,2,8,4,1,1,8,1
114 DATA 1,1,8,1,1,1,8,1,0,1,8,1,15,1,0,3,15,1,1,3
115 DATA 0,4,11,2,6,2,4,1,0,2,1,1,0,1,1,1,14,1,0,1
116 DATA 14,1,0,2,8,2,1,2,14,1,1,1,8,1,1,1,14,1,0,1
117 DATA 8,2,0,2,8,2,14,1,0,1,1,2,0,1,4,1,0,3,11,1
118 DATA 6,4,0,2,8,1,1,1,8,3,7,1,8,1,0,5,14,1,0,1
119 DATA 1,2,0,6,7,1,8,1,0,1,1,3,0,5,11,1,6,1,11,1
120 DATA 6,1,4,1,0,2,8,4,0,1,8,2,0,3,1,3,14,1,1,1
121 DATA 0,2,1,1,0,1,7,1,0,1,8,2,0,1,8,1,1,4,0,3
122 DATA 11,3,6,2,15,1,4,2,0,1,1,1,8,6,0,1,1,2,8,3
123 DATA 1,2,0,1,15,1,1,1,15,1,8,3,1,1,8,1,1,2,0,1
124 DATA 15,1,0,3,11,4,6,3,0,3,8,1,14,1,8,6,1,2,8,3
125 DATA 1,1,0,1,1,6,8,2,1,1,0,2,4,1,0,3,11,3,6,3
126 DATA 4,1,0,3,6,2,8,1,0,2,8,2,0,1,8,1,0,5,15,1
127 DATA 0,1,1,1,0,1,1,1,0,1,1,2,0,3,11,1,4,1,11,1
128 DATA 0,2,11,4,6,3,11,1,4,2,15,1,6,1,4,5,15,2,4,1
129 DATA 6,2,15,1,6,1,0,1,11,1,4,2,6,1,4,1,6,2,4,1
130 DATA 0,2,4,1,0,3,11,1,0,1,11,3,6,18,0,1,6,2,4,1
131 DATA 11,1,6,1,4,4,6,1,0,1,11,1,4,1,0,1,4,1,11,6
132 DATA 6,19,4,1,6,2,11,1,6,2,4,1,6,1,0,1,6,2,4,1
133 DATA 11,1,0,1,4,1,0,1,11,6,6,18,4,1,6,1,4,2,0,2
134 DATA 6,3,4,2,0,5,11,3,0,240,999,999
