1 PRINT CHR$(11)
2 n=0
3 READ out,A
6 if out=999 then goto 12
7 FOR y=1 TO A
8 poke n+12327+y,out
9 NEXT y
10 n=n+A
11 GOTO 3
12 n=0
13 READ C,A
14 IF C=999 THEN GOTO 20
15 FOR y=1 TO A
16 POKE n+13351+y,C*16
17 NEXT y
18 n=n+A
19 GOTO 13
20 n=0
21 READ C,A
22 IF C=999 THEN GOTO 28
23 FOR y=1 TO A
24 POKE n+13351+y,PEEK(n+13351+y)+C
25 NEXT y
26 n=n+A
27 GOTO 21
28 A$=INKEY$: IF A$="" THEN GOTO 28
29 PRINT CHR$(11)
30 DATA 127,16,191,1,175,1,252,1,254,1,127,9,252,1,171,1,239,1
31 DATA 127,21,175,1,252,1,127,2,191,1,175,1,127,1,252,2,127,4
32 DATA 253,1,252,2,175,1,239,1,127,1,253,1,175,1,127,16,175,1
33 DATA 252,1,127,2,175,1,252,1,127,3,239,1,127,11,253,1,175,1
34 DATA 127,1,253,1,175,1,127,3,175,1,127,7,167,1,252,1,127,2
35 DATA 175,1,252,1,127,6,153,1,127,13,253,1,175,1,127,3,175,1
36 DATA 127,4,175,1,167,1,252,1,127,2,175,1,252,1,127,5,191,1
37 DATA 175,1,252,1,254,1,127,3,252,1,175,1,127,12,252,1,254,1
38 DATA 127,2,167,1,254,1,127,2,191,1,248,1,254,1,127,5,175,1
39 DATA 252,1,254,1,127,3,191,1,239,1,183,1,127,10,191,1,239,1
40 DATA 127,1,167,1,127,3,153,1,191,1,127,1,247,1,243,1,175,5
41 DATA 167,1,252,1,254,1,127,4,191,1,248,1,254,1,127,1,253,1
42 DATA 234,1,127,10,253,1,239,1,252,1,127,4,254,1,234,1,244,1
43 DATA 175,1,239,1,127,9,175,1,248,1,254,1,127,4,191,1,245,1
44 DATA 167,1,171,1,175,1,127,8,153,1,127,2,252,1,239,1,127,2
45 DATA 254,1,127,8,245,1,127,1,253,1,252,6,254,1,127,7,171,1
46 DATA 127,6,254,1,127,2,175,1,252,1,153,1,127,11,253,1,252,1
47 DATA 175,5,239,1,127,2,191,1,175,1,252,1,254,1,127,8,245,1
48 DATA 248,1,252,1,127,1,239,1,127,1,250,1,234,1,127,17,153,1
49 DATA 127,1,253,1,239,1,127,14,153,1,234,1,127,2,250,1,127,18
50 DATA 252,1,175,1,127,1,171,1,127,8,191,1,175,1,127,4,254,1
51 DATA 183,1,127,22,253,1,244,1,253,1,239,1,127,5,254,1,127,2
52 DATA 237,1,127,1,175,1,127,2,153,1,183,1,127,23,253,1,239,1
53 DATA 171,1,127,4,239,1,127,1,250,1,127,1,234,1,127,2,183,1
54 DATA 127,1,250,1,127,25,244,1,253,1,239,1,127,1,191,1,239,2
55 DATA 127,5,191,1,254,1,127,27,253,1,127,1,239,1,234,1,127,1
56 DATA 244,1,127,5,234,1,127,29,253,1,239,2,235,1,127,3,191,1
57 DATA 239,1,127,32,253,1,237,1,239,2,127,3,235,1,191,1,127,32
58 DATA 253,3,127,2,241,1,127,1,254,1,248,1,127,32,245,3,127,1
59 DATA 183,1,127,36,235,3,127,37,253,3,167,1,127,37,245,1,235,1
60 DATA 191,1,190,1,254,1,127,36,235,1,191,1,254,1,127,6,999,999
61 DATA 0,18,7,12,0,24,7,6,4,9,7,4,0,18,7,4,1,4,7,1
62 DATA 4,12,7,3,0,13,7,4,1,8,4,14,7,6,0,5,7,4,1,8
63 DATA 7,6,4,16,7,1,0,1,7,4,1,8,7,8,4,18,7,4,1,6
64 DATA 7,7,1,4,4,12,7,3,4,3,7,1,0,2,7,12,1,7,7,1
65 DATA 4,12,7,3,4,2,7,1,0,10,7,16,4,7,7,4,4,2,7,1
66 DATA 0,12,7,10,4,13,7,1,4,2,7,1,0,19,7,2,4,18,7,1
67 DATA 0,20,7,2,4,17,7,1,0,23,7,1,4,6,8,4,4,5,7,1
68 DATA 0,24,7,1,4,5,8,2,4,2,8,2,4,2,7,1,0,27,7,1
69 DATA 4,4,8,5,4,1,7,1,0,29,7,1,4,1,8,7,4,1,0,31
70 DATA 7,1,4,1,8,6,4,1,7,1,0,31,7,1,4,1,8,4,4,2
71 DATA 7,1,0,32,7,1,4,1,8,3,4,1,7,1,0,34,7,1,4,1
72 DATA 8,2,4,1,7,1,0,34,7,1,4,1,8,2,4,1,7,1,0,35
73 DATA 7,1,4,1,8,1,4,1,7,1,0,36,4,2,7,1,0,37,7,2
74 DATA 0,7,999,999
75 DATA 0,16,7,2,0,2,7,9,0,1,7,2,0,21,7,1,0,1,7,2
76 DATA 1,2,7,3,4,4,7,3,4,2,7,1,0,1,7,1,0,16,7,1
77 DATA 0,1,7,2,1,1,7,1,1,4,4,11,7,1,4,1,7,1,0,1
78 DATA 7,1,0,3,7,1,0,7,7,1,0,1,7,2,1,1,7,1,1,6
79 DATA 7,1,4,13,7,1,4,1,7,3,4,1,7,1,0,3,7,2,0,1
80 DATA 7,2,1,1,7,1,1,5,7,2,1,2,7,3,4,1,7,1,4,12
81 DATA 7,2,4,1,7,2,0,1,7,2,1,1,7,2,1,5,7,1,1,2
82 DATA 7,3,1,2,4,11,7,2,4,1,7,1,4,3,7,1,0,1,7,1
83 DATA 1,2,7,6,1,2,7,4,1,1,7,2,1,1,7,2,4,10,7,1
84 DATA 4,2,7,1,4,4,7,2,0,2,7,9,1,1,7,2,1,4,7,1
85 DATA 4,1,7,3,4,8,7,3,4,1,7,1,4,1,7,2,0,8,7,2
86 DATA 1,8,7,8,4,7,7,2,4,1,7,3,0,10,7,2,0,6,7,2
87 DATA 4,2,7,2,4,8,7,5,4,2,7,1,0,17,7,2,4,1,7,1
88 DATA 4,14,7,2,4,1,7,2,0,18,7,1,0,1,7,2,4,8,8,2
89 DATA 4,4,7,3,0,21,7,2,4,1,7,1,4,6,8,2,4,2,8,1
90 DATA 4,2,7,1,0,24,7,1,0,1,7,1,4,5,8,2,4,2,8,1
91 DATA 4,1,7,3,0,25,7,1,4,1,7,1,4,1,8,2,4,1,8,4
92 DATA 4,1,0,1,7,1,0,27,7,3,4,1,8,1,4,1,8,4,4,1
93 DATA 7,1,0,29,7,1,0,1,7,1,4,1,8,3,4,3,7,1,0,30
94 DATA 7,1,0,1,7,1,4,1,8,4,7,2,0,31,7,1,4,1,8,3
95 DATA 4,3,7,1,0,32,7,1,4,1,8,2,4,2,7,1,0,35,7,1
96 DATA 4,1,8,1,4,1,7,1,0,34,7,1,4,1,8,1,4,2,7,1
97 DATA 0,35,7,3,0,1,7,1,0,38,7,1,0,6,999,999
