1 PRINT CHR$(11)
2 n=0
3 READ out,A
6 if out=999 then goto 12
7 FOR y=1 TO A
8 poke n+12327+y,out
9 NEXT y
10 n=n+A
11 GOTO 3
12 n=0
13 READ C,A
14 IF C=999 THEN GOTO 20
15 FOR y=1 TO A
16 POKE n+13351+y,C*16
17 NEXT y
18 n=n+A
19 GOTO 13
20 n=0
21 READ C,A
22 IF C=999 THEN GOTO 28
23 FOR y=1 TO A
24 POKE n+13351+y,PEEK(n+13351+y)+C
25 NEXT y
26 n=n+A
27 GOTO 21
28 A$=INKEY$: IF A$="" THEN GOTO 28
29 PRINT CHR$(11)
30 DATA 127,22,191,1,175,1,127,33,191,1,252,1,254,1,127,6,253,1
31 DATA 244,1,239,1,127,22,248,1,254,1,127,2,253,1,254,1,191,1
32 DATA 167,1,252,1,127,5,252,1,171,1,239,1,127,1,244,1,127,20
33 DATA 254,1,191,1,252,1,254,1,250,1,167,1,254,1,127,11,171,1
34 DATA 127,1,245,1,127,18,254,1,183,1,127,2,245,1,254,1,127,14
35 DATA 253,1,127,1,153,1,127,16,183,1,191,1,127,3,191,1,175,7
36 DATA 127,9,234,1,127,17,234,1,153,1,248,1,127,3,191,1,175,5
37 DATA 239,1,127,1,252,1,253,1,244,1,175,1,127,4,234,1,127,17
38 DATA 250,1,127,1,167,1,252,1,127,9,253,1,175,1,237,1,239,1
39 DATA 253,1,171,1,179,1,175,1,127,1,254,1,183,1,127,15,254,1
40 DATA 191,1,254,1,127,8,227,1,167,1,175,1,127,3,171,1,236,1
41 DATA 239,1,127,1,253,1,175,1,127,1,239,1,127,14,234,1,127,1
42 DATA 254,1,127,8,234,1,254,1,190,1,175,1,253,1,127,4,171,1
43 DATA 253,1,187,1,239,1,253,1,127,1,235,1,127,2,175,2,127,9
44 DATA 234,1,127,9,239,1,127,1,247,1,250,1,127,1,245,1,153,1
45 DATA 127,3,248,1,239,1,237,1,187,2,254,1,250,1,248,1,127,1
46 DATA 247,1,239,1,235,1,127,2,175,1,127,5,234,1,127,9,253,1
47 DATA 250,1,127,7,191,1,153,1,250,1,252,1,253,1,191,1,175,1
48 DATA 234,1,183,1,252,1,127,3,239,1,127,2,175,1,127,1,252,3
49 DATA 175,1,127,1,235,1,191,1,239,1,127,9,183,1,252,1,254,1
50 DATA 153,2,254,1,245,1,234,1,245,1,127,4,239,2,127,2,234,1
51 DATA 153,1,127,5,253,1,252,1,175,1,127,1,191,1,252,1,171,1
52 DATA 244,1,127,11,171,2,239,1,191,1,189,1,127,1,244,1,175,1
53 DATA 191,1,248,1,231,1,254,1,175,2,254,1,250,1,127,2,153,1
54 DATA 127,5,250,1,254,1,243,1,244,1,253,1,127,4,191,1,248,1
55 DATA 243,3,251,1,127,3,191,1,190,1,252,1,254,1,127,1,235,1
56 DATA 191,1,127,2,242,1,252,2,254,1,127,3,153,1,127,1,175,2
57 DATA 252,2,175,1,153,1,245,1,167,1,254,1,127,2,191,1,190,1
58 DATA 252,1,175,1,252,1,227,1,241,1,175,2,243,1,175,3,127,4
59 DATA 153,1,127,1,253,1,239,1,245,1,127,5,153,1,250,1,175,2
60 DATA 191,1,254,1,127,1,171,1,244,1,175,1,254,2,127,1,252,1
61 DATA 191,1,254,1,191,1,254,1,127,5,247,1,127,1,252,1,254,1
62 DATA 127,2,250,2,127,4,235,1,127,4,253,1,153,1,127,1,190,1
63 DATA 254,1,127,3,183,1,242,1,235,1,127,4,252,1,127,7,171,1
64 DATA 253,1,244,1,175,1,248,1,241,1,254,1,127,5,153,1,127,3
65 DATA 239,1,127,1,254,1,127,6,248,1,175,1,253,1,127,22,183,1
66 DATA 127,1,254,1,127,5,235,1,127,4,175,1,254,1,183,1,127,1
67 DATA 235,1,245,1,127,17,183,1,127,2,248,1,127,1,167,1,127,5
68 DATA 245,1,153,1,127,3,248,1,127,5,239,1,244,1,127,16,254,1
69 DATA 252,1,254,1,191,1,254,1,127,5,252,1,127,1,235,1,127,2
70 DATA 253,1,254,2,245,1,175,1,252,2,254,1,127,1,253,1,239,1
71 DATA 127,12,191,1,254,1,175,1,252,1,254,1,127,8,245,2,153,1
72 DATA 127,1,191,1,254,1,127,2,175,2,167,1,252,3,171,1,253,1
73 DATA 244,1,175,1,127,7,191,1,248,1,127,1,254,1,127,12,245,1
74 DATA 127,1,191,1,254,2,127,1,175,2,252,2,254,1,127,2,252,1
75 DATA 175,1,235,1,127,3,252,4,127,1,175,1,167,1,127,12,999,999
76 DATA 7,58,0,10,7,23,0,8,7,7,0,4,7,20,0,2,7,2,0,2
77 DATA 7,12,0,3,7,18,0,2,7,19,0,2,7,17,0,1,7,20,0,2
78 DATA 7,16,0,14,3,1,0,2,7,5,0,2,7,16,0,3,12,11,0,2
79 DATA 7,2,0,1,7,3,0,2,7,15,0,2,12,10,0,1,12,4,0,2
80 DATA 7,3,0,2,7,15,0,2,12,9,0,1,12,1,0,3,12,4,0,2
81 DATA 7,3,0,1,7,14,0,2,12,8,0,1,12,5,0,1,12,3,0,4
82 DATA 7,1,0,1,7,1,0,4,7,9,0,2,12,14,0,1,12,3,0,8
83 DATA 3,3,0,1,7,2,0,6,7,1,0,1,12,13,0,8,7,4,0,1
84 DATA 3,3,0,2,7,1,0,1,1,5,0,3,12,1,0,2,12,11,0,4
85 DATA 12,1,0,2,7,2,0,3,3,2,0,1,7,2,0,2,1,5,0,1
86 DATA 12,2,0,1,12,6,0,1,12,8,0,1,12,3,0,5,7,5,0,2
87 DATA 1,3,0,4,12,1,0,1,12,4,0,1,12,2,0,1,12,2,0,2
88 DATA 12,8,0,1,12,2,0,2,7,4,0,6,12,2,0,2,12,1,0,1
89 DATA 12,4,0,2,12,6,0,1,12,5,0,1,12,4,0,1,7,4,0,3
90 DATA 12,1,0,1,12,5,0,1,12,13,0,3,12,1,0,1,12,6,0,2
91 DATA 7,3,0,2,12,7,0,3,12,23,0,1,7,4,1,1,0,1,12,6
92 DATA 0,2,1,1,0,2,12,20,0,3,7,4,1,2,0,1,12,3,0,3
93 DATA 1,3,0,2,12,16,0,4,7,6,0,1,1,1,0,1,12,4,0,2
94 DATA 1,1,0,5,12,14,0,2,7,9,0,2,1,1,0,1,12,2,0,6
95 DATA 1,3,0,3,12,9,0,2,7,11,0,4,12,1,0,1,1,4,0,6
96 DATA 1,1,0,11,7,12,999,999
97 DATA 7,22,0,2,7,33,0,1,7,2,0,6,7,2,0,1,7,24,0,2
98 DATA 7,4,0,1,7,5,0,1,7,2,0,1,7,23,0,2,7,2,0,1
99 DATA 7,12,0,1,7,23,0,2,7,14,0,2,7,17,0,1,7,4,0,8
100 DATA 7,10,0,1,7,19,0,3,12,7,0,2,7,2,0,1,7,5,0,1
101 DATA 7,17,0,1,12,1,0,1,12,9,0,1,12,2,0,2,7,1,0,2
102 DATA 7,19,12,1,0,1,12,8,0,1,12,1,0,1,12,4,7,1,0,1
103 DATA 7,1,0,1,7,1,0,2,7,15,0,2,12,9,0,1,12,8,7,1
104 DATA 0,5,7,2,0,2,7,10,0,1,12,10,0,2,12,1,0,1,12,6
105 DATA 7,2,0,1,7,1,0,1,7,1,0,1,3,2,0,1,7,2,0,1
106 DATA 7,6,0,1,12,8,0,2,12,4,0,1,12,2,0,1,12,2,7,5
107 DATA 3,1,0,1,3,2,0,2,7,1,0,1,1,1,0,1,7,3,0,5
108 DATA 12,9,0,1,12,7,7,6,0,1,3,3,7,2,0,1,1,3,0,2
109 DATA 1,1,0,1,12,1,0,1,12,17,0,2,7,1,0,2,7,1,3,2
110 DATA 0,2,3,1,0,1,7,1,0,1,1,7,0,2,12,1,0,1,12,4
111 DATA 0,1,12,1,0,4,12,3,0,1,12,1,0,2,12,3,0,2,7,1
112 DATA 0,3,7,2,0,1,1,2,0,2,1,2,12,2,0,1,12,1,0,1
113 DATA 12,2,0,1,12,1,0,2,12,1,0,2,12,2,0,4,12,6,0,1
114 DATA 12,1,7,5,0,1,1,2,12,3,0,1,12,3,0,1,12,1,0,1
115 DATA 12,1,0,2,12,2,0,1,12,7,0,2,12,3,0,1,12,3,0,2
116 DATA 7,3,0,1,1,1,12,3,0,1,12,3,0,1,12,1,0,1,12,4
117 DATA 0,1,12,10,0,1,12,1,0,2,12,4,0,1,7,4,1,1,0,2
118 DATA 12,7,1,1,12,23,0,3,7,3,1,1,0,2,12,4,0,1,12,1
119 DATA 1,3,12,18,0,1,12,3,0,1,7,5,1,1,0,1,12,5,0,2
120 DATA 1,4,12,20,7,1,0,1,7,5,1,3,12,2,0,2,12,1,1,1
121 DATA 0,1,1,3,0,1,12,1,0,1,12,12,0,1,12,1,7,1,0,2
122 DATA 7,7,0,1,1,1,0,1,12,2,0,1,12,1,0,2,1,3,0,3
123 DATA 1,1,12,2,0,1,12,7,0,1,12,1,0,2,7,10,0,2,1,1
124 DATA 0,2,12,1,0,1,1,1,0,2,1,3,0,2,1,1,0,1,1,1
125 DATA 0,3,12,4,0,1,7,14,999,999
