1 PRINT CHR$(11)
2 n=0
3 READ out,A
6 if out=999 then goto 12
7 FOR y=1 TO A
8 poke n+12327+y,out
9 NEXT y
10 n=n+A
11 GOTO 3
12 n=0
13 READ C,A
14 IF C=999 THEN GOTO 20
15 FOR y=1 TO A
16 POKE n+13351+y,C*16
17 NEXT y
18 n=n+A
19 GOTO 13
20 n=0
21 READ C,A
22 IF C=999 THEN GOTO 28
23 FOR y=1 TO A
24 POKE n+13351+y,PEEK(n+13351+y)+C
25 NEXT y
26 n=n+A
27 GOTO 21
28 A$=INKEY$: IF A$="" THEN GOTO 28
29 PRINT CHR$(11)
30 DATA 191,1,245,1,127,1,191,1,245,1,127,1,191,1,245,1,127,1
31 DATA 191,1,245,1,127,1,191,1,245,1,127,1,191,1,245,1,127,1
32 DATA 191,1,245,1,127,1,191,1,245,1,127,1,191,1,245,1,127,1
33 DATA 191,1,245,1,127,1,191,1,245,1,127,1,191,1,245,1,127,1
34 DATA 191,1,245,1,127,1,191,1,127,2,253,1,127,2,250,1,127,2
35 DATA 253,1,127,2,253,1,127,2,253,1,127,2,253,1,127,1,167,1
36 DATA 183,1,253,1,127,1,253,1,127,2,253,1,127,2,253,1,127,2
37 DATA 250,1,127,2,253,1,127,2,253,1,127,18,191,1,250,1,254,1
38 DATA 183,1,239,1,253,1,171,1,127,9,235,1,127,22,183,1,248,1
39 DATA 183,1,235,1,127,1,153,1,245,1,127,1,235,1,127,8,153,1
40 DATA 127,22,183,1,191,1,254,1,244,1,127,1,245,1,250,1,235,2
41 DATA 239,1,127,7,253,1,127,12,153,1,127,3,167,1,127,1,253,1
42 DATA 127,10,253,1,127,1,234,1,127,19,239,1,153,1,127,1,191,1
43 DATA 190,1,252,1,244,1,127,1,234,1,127,1,183,1,191,1,127,7
44 DATA 235,2,127,6,234,1,127,12,234,1,153,1,239,1,254,2,127,2
45 DATA 239,1,245,1,127,1,153,1,250,1,127,7,245,1,127,1,239,1
46 DATA 127,5,234,1,127,1,153,1,127,10,234,1,183,1,250,1,183,1
47 DATA 127,3,153,1,127,1,183,1,191,1,127,9,239,1,234,1,127,5
48 DATA 234,1,127,1,153,1,127,9,171,1,234,1,153,1,254,2,127,3
49 DATA 153,1,239,1,153,2,127,2,253,1,239,1,127,9,191,1,127,1
50 DATA 235,1,234,1,127,1,153,2,127,6,234,1,253,1,127,1,235,1
51 DATA 153,1,191,1,127,4,153,4,127,2,235,1,234,1,127,9,254,1
52 DATA 127,1,245,1,234,1,127,1,153,2,127,6,234,1,191,1,127,1
53 DATA 250,1,153,1,234,1,127,4,190,1,153,3,127,1,175,1,254,1
54 DATA 234,1,127,10,245,1,127,1,234,1,127,1,153,2,127,8,248,1
55 DATA 234,1,153,1,234,1,127,5,254,1,153,2,127,1,239,1,183,1
56 DATA 127,6,183,2,127,1,191,1,127,1,252,1,127,1,234,1,127,1
57 DATA 153,2,127,6,234,1,127,2,234,1,153,1,234,1,127,5,191,1
58 DATA 153,2,127,1,153,1,253,1,127,6,153,1,234,1,127,1,153,1
59 DATA 183,1,252,1,127,1,245,1,127,1,153,2,127,6,234,1,127,2
60 DATA 234,1,153,1,234,1,127,4,153,1,234,1,153,2,127,3,235,1
61 DATA 127,5,153,1,250,1,127,4,153,1,127,2,250,1,153,1,127,5
62 DATA 252,1,254,1,127,2,234,1,153,1,234,1,183,1,127,3,254,2
63 DATA 183,1,253,1,252,1,127,1,253,1,252,1,127,3,252,1,191,1
64 DATA 250,1,127,2,252,1,127,2,253,1,163,1,127,2,253,1,252,3
65 DATA 127,6,245,1,127,1,253,1,245,2,127,1,254,1,183,1,127,1
66 DATA 245,1,234,1,240,3,187,1,240,2,187,1,240,1,254,1,127,7
67 DATA 254,1,127,14,153,1,171,1,245,1,175,1,191,1,127,3,153,1
68 DATA 163,1,252,2,182,1,252,2,182,1,252,1,127,1,183,1,127,7
69 DATA 183,1,127,14,244,1,253,1,175,1,254,1,127,3,253,1,245,1
70 DATA 175,2,186,1,175,2,186,1,175,1,127,1,254,1,127,6,239,1
71 DATA 153,1,127,12,235,1,127,8,153,1,235,1,175,2,229,1,175,2
72 DATA 229,1,250,1,234,1,127,7,234,1,153,1,127,12,234,1,127,9
73 DATA 244,1,253,1,191,1,186,1,175,2,127,1,191,1,127,8,234,1
74 DATA 153,1,127,12,234,1,235,1,127,9,244,1,127,1,245,1,175,2
75 DATA 183,1,250,1,127,8,234,1,153,1,127,12,234,1,153,1,127,10
76 DATA 253,1,175,2,248,1,127,10,250,1,153,1,127,12,234,1,153,1
77 DATA 127,11,234,1,253,1,127,12,153,1,127,6,999,999
78 DATA 15,1,11,1,0,1,15,1,11,1,0,1,15,1,11,1,0,1,15,1
79 DATA 11,1,0,1,15,1,11,1,0,1,15,1,11,1,0,1,15,1,11,1
80 DATA 0,1,15,1,11,1,0,1,15,1,11,1,0,1,15,1,11,1,0,1
81 DATA 15,1,11,1,0,1,15,1,11,1,0,1,15,1,11,1,0,1,15,1
82 DATA 11,5,0,1,11,14,6,1,7,1,11,10,0,1,11,12,0,1,11,12
83 DATA 6,5,11,9,0,1,11,12,0,1,11,11,6,2,15,4,6,1,11,8
84 DATA 0,2,11,11,0,1,11,11,6,1,15,5,6,1,7,1,11,7,0,2
85 DATA 11,11,0,2,11,4,6,2,11,3,6,1,15,7,6,1,11,7,0,2
86 DATA 11,11,0,2,11,2,6,1,11,2,6,1,11,3,6,1,15,7,6,1
87 DATA 7,1,11,6,0,2,11,11,0,2,11,1,6,1,11,3,6,2,11,2
88 DATA 15,9,6,1,11,6,0,3,11,10,0,2,11,1,6,1,11,4,6,1
89 DATA 11,1,6,1,15,9,6,1,11,6,0,3,11,6,7,3,11,1,0,2
90 DATA 6,1,11,5,6,1,11,1,6,1,7,3,15,2,7,6,11,3,7,1
91 DATA 11,1,0,3,11,1,7,1,11,4,7,1,11,2,7,1,0,2,6,1
92 DATA 11,7,6,1,7,1,15,1,7,1,15,4,7,1,15,2,6,1,11,2
93 DATA 7,3,0,3,11,1,7,1,11,4,7,1,11,2,7,1,0,2,11,5
94 DATA 6,1,11,2,6,1,7,1,15,1,7,1,15,4,7,1,15,2,6,1
95 DATA 11,2,7,1,11,1,7,1,0,3,11,1,7,1,11,4,7,3,11,1
96 DATA 0,2,11,6,6,1,11,1,6,1,7,3,15,4,7,1,15,2,6,1
97 DATA 11,2,7,3,0,3,11,1,7,1,11,4,7,1,11,3,0,2,11,6
98 DATA 6,1,11,1,6,1,7,1,15,1,7,1,15,4,7,1,15,2,11,3
99 DATA 7,1,11,1,7,2,0,2,11,1,7,1,11,4,7,1,11,3,0,2
100 DATA 11,8,6,1,7,1,15,1,7,1,15,4,7,1,15,2,11,2,7,1
101 DATA 11,3,7,1,0,1,11,2,7,3,11,6,0,2,11,5,6,1,11,2
102 DATA 6,1,15,9,6,1,11,6,7,1,0,1,11,12,0,1,6,1,11,1
103 DATA 6,1,11,1,6,2,11,2,6,1,0,2,12,1,15,1,0,1,12,1
104 DATA 15,1,0,1,6,2,11,6,0,2,11,12,0,1,11,3,6,2,11,4
105 DATA 0,1,12,1,0,2,12,1,0,2,12,1,6,2,11,6,0,2,11,12
106 DATA 0,1,11,2,6,2,11,4,7,1,6,1,0,1,12,1,0,2,12,1
107 DATA 0,2,6,1,11,7,0,2,11,12,0,1,11,9,6,1,12,1,0,2
108 DATA 12,1,0,2,6,1,11,8,0,2,11,12,0,1,11,10,6,1,12,1
109 DATA 0,2,12,1,6,2,11,8,0,2,11,12,0,1,11,11,6,2,12,1
110 DATA 0,1,6,1,11,9,0,2,11,12,0,2,11,11,6,2,11,11,0,2
111 DATA 11,12,0,2,11,11,0,2,11,11,0,2,11,6,999,999
112 DATA 11,1,0,2,11,1,0,2,11,1,0,2,11,1,0,2,11,1,0,2
113 DATA 11,1,0,2,11,1,0,2,11,1,0,2,11,1,0,2,11,1,0,2
114 DATA 11,1,0,2,11,1,0,2,11,1,0,2,11,3,0,1,11,5,0,1
115 DATA 11,2,0,1,11,2,0,1,11,2,0,1,11,1,7,2,11,2,0,1
116 DATA 11,2,0,1,11,2,0,1,11,5,0,1,11,2,0,1,11,6,0,1
117 DATA 11,11,7,1,11,1,7,2,15,1,11,1,6,1,11,8,0,2,11,11
118 DATA 0,1,11,10,7,4,15,1,7,1,6,2,7,1,11,7,0,1,11,12
119 DATA 0,1,11,10,6,1,15,1,6,1,7,1,15,1,7,2,15,1,6,1
120 DATA 7,1,11,6,0,1,11,12,0,1,11,4,6,2,11,4,6,1,15,6
121 DATA 6,2,7,1,11,6,0,2,11,14,6,1,11,1,6,4,11,1,6,1
122 DATA 15,9,6,1,11,7,0,1,11,13,6,1,11,1,6,1,11,5,6,2
123 DATA 15,7,6,3,11,6,0,1,11,12,6,2,11,4,6,3,15,11,6,1
124 DATA 11,6,0,1,11,7,7,4,11,1,6,1,11,1,6,1,11,3,6,1
125 DATA 11,1,6,1,7,3,15,1,7,1,15,1,7,6,11,2,7,3,11,1
126 DATA 0,1,11,1,7,2,11,4,7,5,6,1,11,5,6,3,7,2,15,2
127 DATA 7,1,15,3,7,1,15,2,6,1,11,3,7,1,11,2,0,1,11,1
128 DATA 7,2,11,4,7,5,6,2,11,5,6,2,7,3,15,1,7,1,15,3
129 DATA 7,1,15,2,6,1,11,2,7,3,11,1,0,1,11,1,7,2,11,4
130 DATA 7,4,11,1,6,2,11,6,6,1,7,2,15,6,7,1,15,1,6,1
131 DATA 11,2,7,2,11,1,7,2,0,1,11,1,7,2,11,4,7,2,11,3
132 DATA 6,2,11,6,6,1,7,3,15,5,7,1,15,1,6,2,11,1,7,1
133 DATA 11,1,7,2,0,2,11,1,7,2,11,4,7,2,11,3,6,2,11,4
134 DATA 6,3,7,2,15,1,7,2,15,3,7,1,15,1,6,2,11,1,7,1
135 DATA 11,2,7,2,0,2,7,4,11,2,7,2,11,3,6,3,11,4,6,1
136 DATA 7,3,15,1,7,2,15,3,7,1,6,1,15,1,11,2,7,1,11,2
137 DATA 7,1,0,2,11,1,7,4,11,6,0,2,11,1,6,1,11,5,7,2
138 DATA 15,3,0,1,15,2,0,1,15,2,6,1,11,7,0,1,11,12,0,1
139 DATA 6,3,11,5,6,1,12,1,0,1,12,2,0,1,12,2,0,1,6,1
140 DATA 11,7,0,1,11,13,0,1,11,1,6,1,11,2,6,1,11,3,6,1
141 DATA 0,1,12,1,0,1,12,2,0,1,12,2,6,2,11,29,7,2,0,1
142 DATA 12,2,0,1,12,3,6,1,11,31,6,1,0,2,12,2,0,1,6,1
143 DATA 11,24,0,1,11,9,6,2,12,1,6,2,7,2,11,34,6,1,0,2
144 DATA 6,1,11,50,0,1,11,7,999,999
