1 PRINT CHR$(11)
2 n=0
3 READ out,A
6 if out=999 then goto 12
7 FOR y=1 TO A
8 poke n+12327+y,out
9 NEXT y
10 n=n+A
11 GOTO 3
12 n=0
13 READ C,A
14 IF C=999 THEN GOTO 20
15 FOR y=1 TO A
16 POKE n+13351+y,C*16
17 NEXT y
18 n=n+A
19 GOTO 13
20 n=0
21 READ C,A
22 IF C=999 THEN GOTO 28
23 FOR y=1 TO A
24 POKE n+13351+y,PEEK(n+13351+y)+C
25 NEXT y
26 n=n+A
27 GOTO 21
28 A$=INKEY$: IF A$="" THEN GOTO 28
29 PRINT CHR$(11)
30 DATA 127,15,175,1,31,2,252,1,137,2,252,1,239,1,127,31,192,1
31 DATA 215,1,137,2,201,1,199,1,127,1,193,1,145,1,127,32,217,1
32 DATA 127,3,129,2,127,1,129,2,127,30,195,1,183,1,244,1,127,2
33 DATA 137,1,127,2,153,1,245,1,127,29,145,1,195,1,127,1,201,1
34 DATA 235,1,127,5,201,1,235,1,127,29,195,1,144,1,153,2,127,5
35 DATA 199,1,127,28,248,1,128,1,175,2,239,1,203,1,127,2,137,1
36 DATA 129,1,127,2,152,1,151,1,127,25,217,1,167,1,127,3,195,2
37 DATA 127,2,152,2,127,2,151,2,127,5,144,2,127,17,192,1,215,1
38 DATA 127,6,201,1,215,1,254,1,193,1,144,1,167,1,215,1,127,4
39 DATA 215,1,128,1,136,1,175,1,239,1,199,1,239,1,127,13,192,1
40 DATA 144,1,193,1,127,1,167,1,137,1,244,1,127,1,199,1,31,2
41 DATA 252,1,31,1,28,1,167,1,254,1,127,3,183,1,127,1,217,1
42 DATA 127,3,193,1,127,1,171,1,127,10,136,1,192,1,245,1,137,1
43 DATA 251,1,195,1,192,1,252,1,199,1,234,1,127,5,234,1,151,1
44 DATA 127,4,129,1,217,1,127,5,253,1,201,1,199,1,239,1,127,6
45 DATA 215,1,127,1,215,1,137,2,171,1,175,1,136,1,144,1,127,1
46 DATA 192,1,151,1,127,5,217,1,129,1,127,3,145,2,127,8,193,1
47 DATA 127,1,201,1,127,6,192,1,127,7,199,1,127,6,195,2,127,4
48 DATA 145,1,203,1,127,9,199,1,127,5,195,1,183,1,127,8,136,1
49 DATA 234,1,152,1,127,4,152,1,151,1,127,4,145,1,203,1,127,4
50 DATA 145,1,128,1,136,1,199,1,239,1,127,6,153,1,234,1,127,7
51 DATA 215,1,127,1,195,1,153,1,127,4,129,1,127,5,145,1,195,1
52 DATA 127,4,152,1,153,1,127,1,193,1,127,1,28,1,127,5,234,1
53 DATA 245,1,252,2,137,4,128,1,95,1,217,1,192,1,153,1,127,4
54 DATA 145,1,127,5,145,1,195,1,127,3,175,1,217,1,193,1,144,1
55 DATA 127,1,199,1,239,1,193,1,127,4,245,1,175,1,252,1,128,1
56 DATA 127,3,137,1,31,2,127,1,175,1,217,1,127,3,145,1,203,1
57 DATA 127,5,145,1,195,1,127,1,215,1,254,1,215,1,252,1,171,1
58 DATA 239,1,252,1,239,1,127,1,171,1,127,14,145,1,127,6,145,1
59 DATA 127,5,145,1,195,1,127,1,151,1,183,1,127,4,252,1,239,1
60 DATA 199,1,239,1,127,13,183,1,195,1,127,6,129,1,201,1,127,4
61 DATA 145,1,195,1,127,1,252,1,127,7,193,1,127,14,217,2,127,6
62 DATA 193,1,199,1,201,1,127,3,145,1,195,1,127,4,215,1,248,1
63 DATA 252,1,137,2,31,1,173,1,127,12,217,1,192,1,127,5,175,1
64 DATA 144,1,127,1,245,1,144,1,252,1,239,1,127,1,183,1,153,1
65 DATA 127,5,167,1,144,1,127,2,137,1,171,1,127,9,215,1,167,1
66 DATA 254,1,192,1,127,2,175,1,239,1,127,1,215,1,127,1,136,1
67 DATA 128,1,137,1,128,1,127,1,245,1,127,1,217,1,151,1,127,2
68 DATA 215,1,217,1,144,1,31,1,175,1,136,1,137,1,171,1,127,10
69 DATA 193,1,127,1,31,2,252,1,127,2,151,1,215,1,254,1,192,1
70 DATA 127,4,253,1,136,1,144,1,167,1,127,3,152,1,183,1,127,4
71 DATA 128,1,171,1,127,11,195,1,127,1,252,1,128,1,129,1,215,1
72 DATA 167,1,127,1,192,1,127,12,193,1,217,1,127,7,999,999
73 DATA 6,16,0,6,6,32,0,1,1,7,0,1,6,31,0,2,1,4,0,1
74 DATA 1,2,0,1,6,30,0,1,1,1,0,1,1,6,0,1,6,30,0,1
75 DATA 1,9,6,30,0,2,1,1,0,1,1,5,0,2,6,27,0,5,1,3
76 DATA 0,2,1,3,0,1,6,26,0,1,12,4,0,1,1,3,0,1,1,3
77 DATA 0,1,6,5,0,2,6,17,0,1,12,6,0,6,1,1,6,5,0,2
78 DATA 7,1,0,2,6,15,0,1,7,1,0,1,12,2,0,2,12,1,0,1
79 DATA 12,5,0,1,6,5,0,2,7,4,0,1,6,11,0,5,12,1,7,1
80 DATA 0,2,12,6,0,2,6,5,0,1,7,7,6,8,0,2,3,3,0,2
81 DATA 3,2,0,3,12,6,0,1,6,4,0,1,7,9,0,2,6,5,0,1
82 DATA 3,8,0,2,12,6,0,1,6,5,7,10,0,2,6,5,0,1,3,8
83 DATA 0,3,12,5,0,1,6,5,7,6,0,1,6,1,7,4,6,5,3,8
84 DATA 0,2,3,1,0,1,12,5,6,6,0,1,7,5,0,1,6,2,0,2
85 DATA 7,1,6,4,0,9,3,1,0,3,12,4,0,1,6,6,0,1,7,5
86 DATA 0,2,6,1,0,3,6,5,0,1,6,8,0,3,12,4,6,7,0,1
87 DATA 7,1,0,2,7,2,0,3,6,2,0,1,6,14,0,1,12,6,0,1
88 DATA 6,6,0,1,7,2,0,1,7,5,0,1,6,16,0,1,12,7,0,1
89 DATA 6,5,0,1,7,10,0,1,6,14,0,1,12,7,6,1,0,1,6,4
90 DATA 0,1,7,4,0,6,7,1,6,13,12,7,0,1,12,3,0,1,6,3
91 DATA 0,1,7,4,0,3,6,3,0,1,6,9,0,1,6,1,0,1,12,6
92 DATA 0,2,7,1,0,5,6,2,0,1,7,2,0,1,7,3,0,1,7,1
93 DATA 0,1,6,12,0,9,7,8,0,1,7,4,0,1,7,5,0,2,6,11
94 DATA 0,1,7,3,12,2,0,1,7,14,0,1,7,7,999,999
95 DATA 6,15,0,1,6,6,0,1,6,32,0,7,6,33,1,3,0,2,1,2
96 DATA 0,1,6,30,0,1,1,1,0,1,1,1,0,1,1,1,0,2,1,1
97 DATA 0,1,6,30,0,1,1,1,0,3,1,4,0,3,6,28,0,1,1,2
98 DATA 0,1,1,7,6,1,0,1,6,25,0,1,6,2,12,3,0,1,1,6
99 DATA 0,1,6,25,0,2,12,1,0,1,12,2,0,1,1,3,0,1,1,3
100 DATA 0,1,6,8,0,1,6,17,0,1,12,4,0,1,12,1,1,5,0,3
101 DATA 6,5,0,1,7,2,0,2,6,12,0,1,6,1,0,1,12,2,0,1
102 DATA 12,2,0,1,12,1,0,5,6,1,0,1,6,3,0,1,7,4,0,2
103 DATA 6,1,0,1,6,9,0,1,6,2,7,3,0,2,7,2,0,1,12,6
104 DATA 6,4,0,2,7,6,0,4,6,8,0,3,3,2,0,2,7,2,12,5
105 DATA 0,2,6,4,0,1,7,9,0,1,6,6,0,1,6,1,0,1,3,8
106 DATA 12,1,0,1,12,4,0,1,6,5,0,2,7,11,6,4,0,1,3,11
107 DATA 12,5,0,1,6,5,0,2,7,4,0,1,7,1,0,3,7,1,0,1
108 DATA 6,4,0,2,3,9,0,1,12,5,0,2,6,4,0,1,7,5,0,1
109 DATA 6,1,0,2,7,3,6,5,3,8,0,1,3,2,12,4,0,1,6,6
110 DATA 0,1,7,3,0,3,6,5,7,1,6,4,0,1,6,1,0,2,6,2
111 DATA 0,4,6,1,12,5,0,2,6,5,0,1,7,4,0,2,7,2,6,1
112 DATA 0,2,6,15,12,6,0,1,6,6,0,1,7,2,0,1,7,4,0,2
113 DATA 7,1,0,2,6,13,0,1,12,7,0,1,6,5,0,1,7,2,0,2
114 DATA 7,5,0,2,6,13,0,2,12,7,0,2,6,4,0,1,7,11,0,1
115 DATA 6,11,0,3,12,4,0,2,12,2,0,2,6,1,0,1,6,1,0,1
116 DATA 7,6,6,2,0,3,6,11,0,1,6,1,0,1,12,1,0,3,12,2
117 DATA 7,1,0,1,12,3,7,1,6,1,0,2,7,4,0,3,7,1,0,1
118 DATA 6,1,0,2,6,9,0,1,6,1,12,4,0,1,12,3,0,1,7,4
119 DATA 0,3,7,4,0,1,7,5,0,1,7,2,6,10,0,1,7,1,0,5
120 DATA 12,1,0,1,7,12,0,1,7,7,0,1,999,999
