1 PRINT CHR$(11)
2 n=0
3 READ out,A
6 if out=999 then goto 12
7 FOR y=1 TO A
8 poke n+12327+y,out
9 NEXT y
10 n=n+A
11 GOTO 3
12 n=0
13 READ C,A
14 IF C=999 THEN GOTO 20
15 FOR y=1 TO A
16 POKE n+13351+y,C*16
17 NEXT y
18 n=n+A
19 GOTO 13
20 n=0
21 READ C,A
22 IF C=999 THEN GOTO 28
23 FOR y=1 TO A
24 POKE n+13351+y,PEEK(n+13351+y)+C
25 NEXT y
26 n=n+A
27 GOTO 21
28 A$=INKEY$: IF A$="" THEN GOTO 28
29 PRINT CHR$(11)
30 DATA 127,22,248,1,127,36,175,1,252,1,127,17,175,1,171,1,127,14
31 DATA 144,1,175,1,167,1,137,1,127,19,192,1,127,11,144,1,175,1
32 DATA 252,1,128,1,127,20,136,1,31,1,252,1,128,1,127,2,144,1
33 DATA 127,7,175,1,252,1,127,19,136,1,175,1,252,1,137,1,127,4
34 DATA 215,1,167,1,217,1,127,7,217,1,127,17,144,1,175,1,252,1
35 DATA 127,6,215,1,252,1,128,1,127,9,29,1,127,15,136,1,248,1
36 DATA 128,1,127,6,175,1,252,1,127,12,192,1,127,12,175,1,252,1
37 DATA 137,1,127,6,136,1,175,1,137,1,127,14,215,1,127,9,136,1
38 DATA 31,1,137,1,128,1,127,5,144,1,175,1,31,1,128,1,127,24
39 DATA 136,1,248,1,127,7,215,1,31,1,128,1,127,17,136,1,127,2
40 DATA 192,1,127,4,144,1,167,1,128,1,127,6,215,1,31,1,127,19
41 DATA 215,1,217,1,127,2,192,1,127,4,192,1,127,7,215,1,254,1
42 DATA 127,18,136,1,31,1,137,1,127,3,215,1,127,3,215,1,254,1
43 DATA 127,6,175,1,254,1,127,17,215,1,252,1,127,6,175,1,127,3
44 DATA 192,1,127,5,215,1,248,1,127,17,175,1,252,1,128,1,127,5
45 DATA 136,1,252,1,127,4,217,1,127,4,215,1,217,1,127,15,144,1
46 DATA 167,1,137,1,127,5,144,1,175,1,252,1,127,6,217,1,127,2
47 DATA 215,1,248,1,128,1,127,14,136,1,248,1,128,1,127,5,144,1
48 DATA 167,1,137,1,127,6,248,1,128,1,127,2,215,1,217,1,127,14
49 DATA 144,1,248,1,127,6,136,1,167,1,128,1,127,2,175,1,252,2
50 DATA 137,3,127,3,175,1,254,1,127,13,136,1,167,1,128,1,127,5
51 DATA 136,1,252,1,128,1,127,2,248,1,137,1,127,8,215,1,31,1
52 DATA 127,12,144,1,167,1,128,1,127,5,175,1,248,1,127,3,175,1
53 DATA 137,1,127,23,175,1,128,1,127,5,136,1,248,1,127,4,215,1
54 DATA 217,1,127,11,136,1,217,1,127,9,175,1,252,1,127,5,144,1
55 DATA 167,1,128,1,127,4,167,1,127,10,144,1,136,1,248,1,128,1
56 DATA 127,6,136,2,175,1,137,1,127,6,215,1,137,1,127,4,144,1
57 DATA 248,1,127,10,167,1,254,1,127,8,215,1,248,1,128,1,127,6
58 DATA 136,1,252,1,127,6,248,1,127,10,167,1,127,10,136,1,127,6
59 DATA 175,1,252,1,128,1,127,6,215,1,217,1,127,9,215,1,254,1
60 DATA 127,9,215,1,127,2,999,999
61 DATA 1,22,3,18,1,20,3,20,1,14,3,1,1,2,3,20,14,3,1,9
62 DATA 3,1,1,1,3,22,14,6,0,1,1,8,3,20,14,1,3,1,14,6
63 DATA 0,1,14,2,0,1,1,7,3,17,14,1,3,1,14,7,0,7,1,6
64 DATA 3,15,14,10,0,9,1,4,3,14,14,8,0,1,14,1,0,12,1,3
65 DATA 3,10,14,9,0,1,14,1,0,16,1,3,3,7,14,9,0,20,11,1
66 DATA 1,2,3,5,14,1,3,1,14,7,0,21,11,1,0,1,11,1,1,1
67 DATA 3,5,14,8,0,20,11,6,3,4,14,9,0,18,11,9,3,3,14,6
68 DATA 0,20,11,7,9,4,3,3,14,4,0,1,14,1,0,15,11,1,0,1
69 DATA 11,6,9,1,11,1,9,6,3,2,14,2,0,17,11,8,9,1,11,1
70 DATA 9,7,15,2,14,2,0,1,14,1,0,14,11,8,9,1,11,1,9,4
71 DATA 15,8,14,1,0,14,11,1,0,1,11,6,9,5,15,10,12,2,0,12
72 DATA 11,1,0,1,11,7,9,5,15,12,12,2,0,11,11,6,9,6,15,1
73 DATA 9,1,15,11,12,1,15,1,12,2,0,8,11,6,9,1,11,1,9,6
74 DATA 15,10,12,8,0,2,15,1,11,1,0,1,11,7,9,6,15,13,12,9
75 DATA 11,9,9,8,15,12,12,10,7,1,11,7,9,8,15,1,9,1,15,9
76 DATA 12,11,7,3,999,999
77 DATA 1,21,3,1,1,2,3,16,1,18,3,2,1,2,3,15,14,3,1,13
78 DATA 3,1,1,1,3,2,1,2,3,17,14,1,3,1,14,2,1,10,3,1
79 DATA 1,2,3,19,14,1,3,4,14,3,1,7,3,1,1,2,3,17,14,1
80 DATA 3,1,14,1,3,3,14,4,0,3,1,5,3,20,14,1,3,2,14,4
81 DATA 0,1,14,3,0,4,1,4,3,16,14,1,3,3,14,5,0,2,14,2
82 DATA 0,7,1,5,3,11,14,2,3,2,14,7,0,1,14,2,0,10,1,4
83 DATA 3,8,14,1,3,4,14,6,0,1,14,2,0,14,1,2,3,1,1,1
84 DATA 3,9,14,9,0,18,1,3,3,5,14,1,3,1,14,9,0,19,11,2
85 DATA 1,2,3,6,14,5,0,1,14,2,0,21,11,3,1,2,3,4,14,5
86 DATA 0,2,14,1,0,20,11,4,9,2,1,1,3,1,14,1,3,2,14,7
87 DATA 0,15,11,2,0,2,11,4,9,1,11,3,9,1,3,1,14,5,0,1
88 DATA 14,1,0,17,11,1,0,2,11,5,9,1,11,2,9,4,14,7,0,13
89 DATA 11,1,0,3,11,6,9,1,11,1,9,5,15,1,9,2,3,1,14,2
90 DATA 0,18,11,6,9,1,11,1,9,1,15,2,9,6,15,2,0,1,14,1
91 DATA 0,14,11,1,0,1,11,4,9,1,11,3,9,1,15,1,9,3,15,9
92 DATA 0,13,11,1,0,1,11,4,9,2,11,2,9,1,15,2,9,2,15,9
93 DATA 12,1,15,1,12,1,0,9,11,2,0,1,11,8,9,2,15,1,9,1
94 DATA 15,13,12,3,0,6,11,2,0,2,11,5,9,1,11,1,9,3,15,2
95 DATA 9,1,15,13,12,4,0,4,11,1,0,2,11,4,9,1,11,2,9,7
96 DATA 15,8,12,2,15,1,12,8,0,1,15,2,11,9,9,4,15,1,9,2
97 DATA 15,8,12,2,15,1,12,8,7,1,12,1,11,5,9,2,11,2,9,7
98 DATA 15,12,12,11,7,1,999,999
